JSTerm.java,umd.cs.shop.JSTerm,org.pitest.mutationtest.engine.gregor.mutators.ArgumentPropagationMutator,<init>,52,SURVIVED,none
JSTerm.java,umd.cs.shop.JSTerm,org.pitest.mutationtest.engine.gregor.mutators.ArgumentPropagationMutator,<init>,71,KILLED,umd.cs.shop.JSTerm_ESTest.test27
JSTerm.java,umd.cs.shop.JSTerm,org.pitest.mutationtest.engine.gregor.mutators.ArgumentPropagationMutator,<init>,168,KILLED,umd.cs.shop.JSTerm_ESTest.test14
JSTerm.java,umd.cs.shop.JSTerm,org.pitest.mutationtest.engine.gregor.mutators.ConstructorCallMutator,<init>,45,KILLED,umd.cs.shop.JSTerm_ESTest.test38
JSTerm.java,umd.cs.shop.JSTerm,org.pitest.mutationtest.engine.gregor.mutators.ConstructorCallMutator,<init>,50,KILLED,umd.cs.shop.JSTerm_ESTest.test42
JSTerm.java,umd.cs.shop.JSTerm,org.pitest.mutationtest.engine.gregor.mutators.ConstructorCallMutator,<init>,53,KILLED,umd.cs.shop.JSTerm_ESTest.test26
JSTerm.java,umd.cs.shop.JSTerm,org.pitest.mutationtest.engine.gregor.mutators.ConstructorCallMutator,<init>,63,KILLED,umd.cs.shop.JSTerm_ESTest.test41
JSTerm.java,umd.cs.shop.JSTerm,org.pitest.mutationtest.engine.gregor.mutators.ConstructorCallMutator,<init>,64,KILLED,umd.cs.shop.JSTerm_ESTest.test40
JSTerm.java,umd.cs.shop.JSTerm,org.pitest.mutationtest.engine.gregor.mutators.ConstructorCallMutator,<init>,67,KILLED,umd.cs.shop.JSTerm_ESTest.test22
JSTerm.java,umd.cs.shop.JSTerm,org.pitest.mutationtest.engine.gregor.mutators.ConstructorCallMutator,<init>,75,KILLED,umd.cs.shop.JSTerm_ESTest.test05
JSTerm.java,umd.cs.shop.JSTerm,org.pitest.mutationtest.engine.gregor.mutators.ConstructorCallMutator,<init>,76,KILLED,umd.cs.shop.JSTerm_ESTest.test05
JSTerm.java,umd.cs.shop.JSTerm,org.pitest.mutationtest.engine.gregor.mutators.ConstructorCallMutator,<init>,93,NO_COVERAGE,none
JSTerm.java,umd.cs.shop.JSTerm,org.pitest.mutationtest.engine.gregor.mutators.ConstructorCallMutator,<init>,94,NO_COVERAGE,none
JSTerm.java,umd.cs.shop.JSTerm,org.pitest.mutationtest.engine.gregor.mutators.ConstructorCallMutator,<init>,97,KILLED,umd.cs.shop.JSTerm_ESTest.test37
JSTerm.java,umd.cs.shop.JSTerm,org.pitest.mutationtest.engine.gregor.mutators.ConstructorCallMutator,<init>,104,NO_COVERAGE,none
JSTerm.java,umd.cs.shop.JSTerm,org.pitest.mutationtest.engine.gregor.mutators.ConstructorCallMutator,<init>,111,NO_COVERAGE,none
JSTerm.java,umd.cs.shop.JSTerm,org.pitest.mutationtest.engine.gregor.mutators.ConstructorCallMutator,<init>,130,NO_COVERAGE,none
JSTerm.java,umd.cs.shop.JSTerm,org.pitest.mutationtest.engine.gregor.mutators.ConstructorCallMutator,<init>,143,NO_COVERAGE,none
JSTerm.java,umd.cs.shop.JSTerm,org.pitest.mutationtest.engine.gregor.mutators.ConstructorCallMutator,<init>,164,KILLED,umd.cs.shop.JSTerm_ESTest.test36
JSTerm.java,umd.cs.shop.JSTerm,org.pitest.mutationtest.engine.gregor.mutators.ConstructorCallMutator,<init>,165,KILLED,umd.cs.shop.JSTerm_ESTest.test36
JSTerm.java,umd.cs.shop.JSTerm,org.pitest.mutationtest.engine.gregor.mutators.ConstructorCallMutator,<init>,170,KILLED,umd.cs.shop.JSTerm_ESTest.test35
JSTerm.java,umd.cs.shop.JSTerm,org.pitest.mutationtest.engine.gregor.mutators.ConstructorCallMutator,<init>,171,KILLED,umd.cs.shop.JSTerm_ESTest.test35
JSTerm.java,umd.cs.shop.JSTerm,org.pitest.mutationtest.engine.gregor.mutators.ConstructorCallMutator,<init>,185,NO_COVERAGE,none
JSTerm.java,umd.cs.shop.JSTerm,org.pitest.mutationtest.engine.gregor.mutators.InlineConstantMutator,<init>,38,KILLED,umd.cs.shop.JSTerm_ESTest.test24
JSTerm.java,umd.cs.shop.JSTerm,org.pitest.mutationtest.engine.gregor.mutators.InlineConstantMutator,<init>,55,KILLED,umd.cs.shop.JSTerm_ESTest.test26
JSTerm.java,umd.cs.shop.JSTerm,org.pitest.mutationtest.engine.gregor.mutators.InlineConstantMutator,<init>,56,KILLED,umd.cs.shop.JSTerm_ESTest.test26
JSTerm.java,umd.cs.shop.JSTerm,org.pitest.mutationtest.engine.gregor.mutators.InlineConstantMutator,<init>,57,SURVIVED,none
JSTerm.java,umd.cs.shop.JSTerm,org.pitest.mutationtest.engine.gregor.mutators.InlineConstantMutator,<init>,62,KILLED,umd.cs.shop.JSTerm_ESTest.test40
JSTerm.java,umd.cs.shop.JSTerm,org.pitest.mutationtest.engine.gregor.mutators.InlineConstantMutator,<init>,66,KILLED,umd.cs.shop.JSTerm_ESTest.test22
JSTerm.java,umd.cs.shop.JSTerm,org.pitest.mutationtest.engine.gregor.mutators.InlineConstantMutator,<init>,69,KILLED,umd.cs.shop.JSTerm_ESTest.test29
JSTerm.java,umd.cs.shop.JSTerm,org.pitest.mutationtest.engine.gregor.mutators.InlineConstantMutator,<init>,79,KILLED,umd.cs.shop.JSTerm_ESTest.test28
JSTerm.java,umd.cs.shop.JSTerm,org.pitest.mutationtest.engine.gregor.mutators.InlineConstantMutator,<init>,80,KILLED,umd.cs.shop.JSTerm_ESTest.test29
JSTerm.java,umd.cs.shop.JSTerm,org.pitest.mutationtest.engine.gregor.mutators.InlineConstantMutator,<init>,81,KILLED,umd.cs.shop.JSTerm_ESTest.test08
JSTerm.java,umd.cs.shop.JSTerm,org.pitest.mutationtest.engine.gregor.mutators.InlineConstantMutator,<init>,87,KILLED,umd.cs.shop.JSTerm_ESTest.test20
JSTerm.java,umd.cs.shop.JSTerm,org.pitest.mutationtest.engine.gregor.mutators.InlineConstantMutator,<init>,88,KILLED,umd.cs.shop.JSTerm_ESTest.test20
JSTerm.java,umd.cs.shop.JSTerm,org.pitest.mutationtest.engine.gregor.mutators.InlineConstantMutator,<init>,89,KILLED,umd.cs.shop.JSTerm_ESTest.test17
JSTerm.java,umd.cs.shop.JSTerm,org.pitest.mutationtest.engine.gregor.mutators.InlineConstantMutator,<init>,99,SURVIVED,none
JSTerm.java,umd.cs.shop.JSTerm,org.pitest.mutationtest.engine.gregor.mutators.InlineConstantMutator,<init>,102,NO_COVERAGE,none
JSTerm.java,umd.cs.shop.JSTerm,org.pitest.mutationtest.engine.gregor.mutators.InlineConstantMutator,<init>,107,SURVIVED,none
JSTerm.java,umd.cs.shop.JSTerm,org.pitest.mutationtest.engine.gregor.mutators.InlineConstantMutator,<init>,163,KILLED,umd.cs.shop.JSTerm_ESTest.test20
JSTerm.java,umd.cs.shop.JSTerm,org.pitest.mutationtest.engine.gregor.mutators.InlineConstantMutator,<init>,186,NO_COVERAGE,none
JSTerm.java,umd.cs.shop.JSTerm,org.pitest.mutationtest.engine.gregor.mutators.NegateConditionalsMutator,<init>,44,KILLED,umd.cs.shop.JSTerm_ESTest.test20
JSTerm.java,umd.cs.shop.JSTerm,org.pitest.mutationtest.engine.gregor.mutators.NegateConditionalsMutator,<init>,47,KILLED,umd.cs.shop.JSTerm_ESTest.test20
JSTerm.java,umd.cs.shop.JSTerm,org.pitest.mutationtest.engine.gregor.mutators.NegateConditionalsMutator,<init>,48,KILLED,umd.cs.shop.JSTerm_ESTest.test22
JSTerm.java,umd.cs.shop.JSTerm,org.pitest.mutationtest.engine.gregor.mutators.NegateConditionalsMutator,<init>,49,KILLED,umd.cs.shop.JSTerm_ESTest.test42
JSTerm.java,umd.cs.shop.JSTerm,org.pitest.mutationtest.engine.gregor.mutators.NegateConditionalsMutator,<init>,61,KILLED,umd.cs.shop.JSTerm_ESTest.test22
JSTerm.java,umd.cs.shop.JSTerm,org.pitest.mutationtest.engine.gregor.mutators.NegateConditionalsMutator,<init>,62,KILLED,umd.cs.shop.JSTerm_ESTest.test40
JSTerm.java,umd.cs.shop.JSTerm,org.pitest.mutationtest.engine.gregor.mutators.NegateConditionalsMutator,<init>,66,KILLED,umd.cs.shop.JSTerm_ESTest.test22
JSTerm.java,umd.cs.shop.JSTerm,org.pitest.mutationtest.engine.gregor.mutators.NegateConditionalsMutator,<init>,69,KILLED,umd.cs.shop.JSTerm_ESTest.test29
JSTerm.java,umd.cs.shop.JSTerm,org.pitest.mutationtest.engine.gregor.mutators.NegateConditionalsMutator,<init>,92,KILLED,umd.cs.shop.JSTerm_ESTest.test20
JSTerm.java,umd.cs.shop.JSTerm,org.pitest.mutationtest.engine.gregor.mutators.NegateConditionalsMutator,<init>,96,KILLED,umd.cs.shop.JSTerm_ESTest.test20
JSTerm.java,umd.cs.shop.JSTerm,org.pitest.mutationtest.engine.gregor.mutators.NegateConditionalsMutator,<init>,99,KILLED,umd.cs.shop.JSTerm_ESTest.test36
JSTerm.java,umd.cs.shop.JSTerm,org.pitest.mutationtest.engine.gregor.mutators.NegateConditionalsMutator,<init>,99,KILLED,umd.cs.shop.JSTerm_ESTest.test20
JSTerm.java,umd.cs.shop.JSTerm,org.pitest.mutationtest.engine.gregor.mutators.NegateConditionalsMutator,<init>,103,NO_COVERAGE,none
JSTerm.java,umd.cs.shop.JSTerm,org.pitest.mutationtest.engine.gregor.mutators.NegateConditionalsMutator,<init>,107,KILLED,umd.cs.shop.JSTerm_ESTest.test36
JSTerm.java,umd.cs.shop.JSTerm,org.pitest.mutationtest.engine.gregor.mutators.NegateConditionalsMutator,<init>,107,KILLED,umd.cs.shop.JSTerm_ESTest.test20
JSTerm.java,umd.cs.shop.JSTerm,org.pitest.mutationtest.engine.gregor.mutators.NegateConditionalsMutator,<init>,110,NO_COVERAGE,none
JSTerm.java,umd.cs.shop.JSTerm,org.pitest.mutationtest.engine.gregor.mutators.NegateConditionalsMutator,<init>,113,NO_COVERAGE,none
JSTerm.java,umd.cs.shop.JSTerm,org.pitest.mutationtest.engine.gregor.mutators.NegateConditionalsMutator,<init>,128,KILLED,umd.cs.shop.JSTerm_ESTest.test17
JSTerm.java,umd.cs.shop.JSTerm,org.pitest.mutationtest.engine.gregor.mutators.NegateConditionalsMutator,<init>,129,NO_COVERAGE,none
JSTerm.java,umd.cs.shop.JSTerm,org.pitest.mutationtest.engine.gregor.mutators.NegateConditionalsMutator,<init>,132,NO_COVERAGE,none
JSTerm.java,umd.cs.shop.JSTerm,org.pitest.mutationtest.engine.gregor.mutators.NegateConditionalsMutator,<init>,141,KILLED,umd.cs.shop.JSTerm_ESTest.test17
JSTerm.java,umd.cs.shop.JSTerm,org.pitest.mutationtest.engine.gregor.mutators.NegateConditionalsMutator,<init>,142,NO_COVERAGE,none
JSTerm.java,umd.cs.shop.JSTerm,org.pitest.mutationtest.engine.gregor.mutators.NegateConditionalsMutator,<init>,145,NO_COVERAGE,none
JSTerm.java,umd.cs.shop.JSTerm,org.pitest.mutationtest.engine.gregor.mutators.NegateConditionalsMutator,<init>,154,KILLED,umd.cs.shop.JSTerm_ESTest.test17
JSTerm.java,umd.cs.shop.JSTerm,org.pitest.mutationtest.engine.gregor.mutators.NegateConditionalsMutator,<init>,154,KILLED,umd.cs.shop.JSTerm_ESTest.test17
JSTerm.java,umd.cs.shop.JSTerm,org.pitest.mutationtest.engine.gregor.mutators.NegateConditionalsMutator,<init>,154,KILLED,umd.cs.shop.JSTerm_ESTest.test17
JSTerm.java,umd.cs.shop.JSTerm,org.pitest.mutationtest.engine.gregor.mutators.NegateConditionalsMutator,<init>,154,KILLED,umd.cs.shop.JSTerm_ESTest.test17
JSTerm.java,umd.cs.shop.JSTerm,org.pitest.mutationtest.engine.gregor.mutators.NegateConditionalsMutator,<init>,163,KILLED,umd.cs.shop.JSTerm_ESTest.test36
JSTerm.java,umd.cs.shop.JSTerm,org.pitest.mutationtest.engine.gregor.mutators.NegateConditionalsMutator,<init>,169,KILLED,umd.cs.shop.JSTerm_ESTest.test20
JSTerm.java,umd.cs.shop.JSTerm,org.pitest.mutationtest.engine.gregor.mutators.NegateConditionalsMutator,<init>,179,KILLED,umd.cs.shop.JSTerm_ESTest.test20
JSTerm.java,umd.cs.shop.JSTerm,org.pitest.mutationtest.engine.gregor.mutators.NonVoidMethodCallMutator,<init>,44,KILLED,umd.cs.shop.JSTerm_ESTest.test20
JSTerm.java,umd.cs.shop.JSTerm,org.pitest.mutationtest.engine.gregor.mutators.NonVoidMethodCallMutator,<init>,49,KILLED,umd.cs.shop.JSTerm_ESTest.test26
JSTerm.java,umd.cs.shop.JSTerm,org.pitest.mutationtest.engine.gregor.mutators.NonVoidMethodCallMutator,<init>,52,SURVIVED,none
JSTerm.java,umd.cs.shop.JSTerm,org.pitest.mutationtest.engine.gregor.mutators.NonVoidMethodCallMutator,<init>,53,KILLED,umd.cs.shop.JSTerm_ESTest.test26
JSTerm.java,umd.cs.shop.JSTerm,org.pitest.mutationtest.engine.gregor.mutators.NonVoidMethodCallMutator,<init>,53,KILLED,umd.cs.shop.JSTerm_ESTest.test26
JSTerm.java,umd.cs.shop.JSTerm,org.pitest.mutationtest.engine.gregor.mutators.NonVoidMethodCallMutator,<init>,53,KILLED,umd.cs.shop.JSTerm_ESTest.test26
JSTerm.java,umd.cs.shop.JSTerm,org.pitest.mutationtest.engine.gregor.mutators.NonVoidMethodCallMutator,<init>,62,KILLED,umd.cs.shop.JSTerm_ESTest.test40
JSTerm.java,umd.cs.shop.JSTerm,org.pitest.mutationtest.engine.gregor.mutators.NonVoidMethodCallMutator,<init>,64,KILLED,umd.cs.shop.JSTerm_ESTest.test40
JSTerm.java,umd.cs.shop.JSTerm,org.pitest.mutationtest.engine.gregor.mutators.NonVoidMethodCallMutator,<init>,64,KILLED,umd.cs.shop.JSTerm_ESTest.test40
JSTerm.java,umd.cs.shop.JSTerm,org.pitest.mutationtest.engine.gregor.mutators.NonVoidMethodCallMutator,<init>,64,SURVIVED,none
JSTerm.java,umd.cs.shop.JSTerm,org.pitest.mutationtest.engine.gregor.mutators.NonVoidMethodCallMutator,<init>,67,KILLED,umd.cs.shop.JSTerm_ESTest.test15
JSTerm.java,umd.cs.shop.JSTerm,org.pitest.mutationtest.engine.gregor.mutators.NonVoidMethodCallMutator,<init>,71,KILLED,umd.cs.shop.JSTerm_ESTest.test29
JSTerm.java,umd.cs.shop.JSTerm,org.pitest.mutationtest.engine.gregor.mutators.NonVoidMethodCallMutator,<init>,75,KILLED,umd.cs.shop.JSTerm_ESTest.test05
JSTerm.java,umd.cs.shop.JSTerm,org.pitest.mutationtest.engine.gregor.mutators.NonVoidMethodCallMutator,<init>,75,SURVIVED,none
JSTerm.java,umd.cs.shop.JSTerm,org.pitest.mutationtest.engine.gregor.mutators.NonVoidMethodCallMutator,<init>,75,KILLED,umd.cs.shop.JSTerm_ESTest.test05
JSTerm.java,umd.cs.shop.JSTerm,org.pitest.mutationtest.engine.gregor.mutators.NonVoidMethodCallMutator,<init>,75,KILLED,umd.cs.shop.JSTerm_ESTest.test05
JSTerm.java,umd.cs.shop.JSTerm,org.pitest.mutationtest.engine.gregor.mutators.NonVoidMethodCallMutator,<init>,75,SURVIVED,none
JSTerm.java,umd.cs.shop.JSTerm,org.pitest.mutationtest.engine.gregor.mutators.NonVoidMethodCallMutator,<init>,93,NO_COVERAGE,none
JSTerm.java,umd.cs.shop.JSTerm,org.pitest.mutationtest.engine.gregor.mutators.NonVoidMethodCallMutator,<init>,93,NO_COVERAGE,none
JSTerm.java,umd.cs.shop.JSTerm,org.pitest.mutationtest.engine.gregor.mutators.NonVoidMethodCallMutator,<init>,93,NO_COVERAGE,none
JSTerm.java,umd.cs.shop.JSTerm,org.pitest.mutationtest.engine.gregor.mutators.NonVoidMethodCallMutator,<init>,93,NO_COVERAGE,none
JSTerm.java,umd.cs.shop.JSTerm,org.pitest.mutationtest.engine.gregor.mutators.NonVoidMethodCallMutator,<init>,93,NO_COVERAGE,none
JSTerm.java,umd.cs.shop.JSTerm,org.pitest.mutationtest.engine.gregor.mutators.NonVoidMethodCallMutator,<init>,96,KILLED,umd.cs.shop.JSTerm_ESTest.test20
JSTerm.java,umd.cs.shop.JSTerm,org.pitest.mutationtest.engine.gregor.mutators.NonVoidMethodCallMutator,<init>,99,SURVIVED,none
JSTerm.java,umd.cs.shop.JSTerm,org.pitest.mutationtest.engine.gregor.mutators.NonVoidMethodCallMutator,<init>,103,NO_COVERAGE,none
JSTerm.java,umd.cs.shop.JSTerm,org.pitest.mutationtest.engine.gregor.mutators.NonVoidMethodCallMutator,<init>,107,SURVIVED,none
JSTerm.java,umd.cs.shop.JSTerm,org.pitest.mutationtest.engine.gregor.mutators.NonVoidMethodCallMutator,<init>,110,NO_COVERAGE,none
JSTerm.java,umd.cs.shop.JSTerm,org.pitest.mutationtest.engine.gregor.mutators.NonVoidMethodCallMutator,<init>,122,NO_COVERAGE,none
JSTerm.java,umd.cs.shop.JSTerm,org.pitest.mutationtest.engine.gregor.mutators.NonVoidMethodCallMutator,<init>,129,NO_COVERAGE,none
JSTerm.java,umd.cs.shop.JSTerm,org.pitest.mutationtest.engine.gregor.mutators.NonVoidMethodCallMutator,<init>,142,NO_COVERAGE,none
JSTerm.java,umd.cs.shop.JSTerm,org.pitest.mutationtest.engine.gregor.mutators.NonVoidMethodCallMutator,<init>,160,NO_COVERAGE,none
JSTerm.java,umd.cs.shop.JSTerm,org.pitest.mutationtest.engine.gregor.mutators.NonVoidMethodCallMutator,<init>,164,KILLED,umd.cs.shop.JSTerm_ESTest.test36
JSTerm.java,umd.cs.shop.JSTerm,org.pitest.mutationtest.engine.gregor.mutators.NonVoidMethodCallMutator,<init>,164,SURVIVED,none
JSTerm.java,umd.cs.shop.JSTerm,org.pitest.mutationtest.engine.gregor.mutators.NonVoidMethodCallMutator,<init>,164,KILLED,umd.cs.shop.JSTerm_ESTest.test36
JSTerm.java,umd.cs.shop.JSTerm,org.pitest.mutationtest.engine.gregor.mutators.NonVoidMethodCallMutator,<init>,164,KILLED,umd.cs.shop.JSTerm_ESTest.test36
JSTerm.java,umd.cs.shop.JSTerm,org.pitest.mutationtest.engine.gregor.mutators.NonVoidMethodCallMutator,<init>,164,SURVIVED,none
JSTerm.java,umd.cs.shop.JSTerm,org.pitest.mutationtest.engine.gregor.mutators.NonVoidMethodCallMutator,<init>,168,KILLED,umd.cs.shop.JSTerm_ESTest.test20
JSTerm.java,umd.cs.shop.JSTerm,org.pitest.mutationtest.engine.gregor.mutators.NonVoidMethodCallMutator,<init>,169,SURVIVED,none
JSTerm.java,umd.cs.shop.JSTerm,org.pitest.mutationtest.engine.gregor.mutators.NonVoidMethodCallMutator,<init>,170,KILLED,umd.cs.shop.JSTerm_ESTest.test35
JSTerm.java,umd.cs.shop.JSTerm,org.pitest.mutationtest.engine.gregor.mutators.NonVoidMethodCallMutator,<init>,170,SURVIVED,none
JSTerm.java,umd.cs.shop.JSTerm,org.pitest.mutationtest.engine.gregor.mutators.NonVoidMethodCallMutator,<init>,170,KILLED,umd.cs.shop.JSTerm_ESTest.test35
JSTerm.java,umd.cs.shop.JSTerm,org.pitest.mutationtest.engine.gregor.mutators.NonVoidMethodCallMutator,<init>,170,KILLED,umd.cs.shop.JSTerm_ESTest.test35
JSTerm.java,umd.cs.shop.JSTerm,org.pitest.mutationtest.engine.gregor.mutators.NonVoidMethodCallMutator,<init>,170,SURVIVED,none
JSTerm.java,umd.cs.shop.JSTerm,org.pitest.mutationtest.engine.gregor.mutators.NonVoidMethodCallMutator,<init>,178,KILLED,umd.cs.shop.JSTerm_ESTest.test17
JSTerm.java,umd.cs.shop.JSTerm,org.pitest.mutationtest.engine.gregor.mutators.NonVoidMethodCallMutator,<init>,182,NO_COVERAGE,none
JSTerm.java,umd.cs.shop.JSTerm,org.pitest.mutationtest.engine.gregor.mutators.NonVoidMethodCallMutator,<init>,185,NO_COVERAGE,none
JSTerm.java,umd.cs.shop.JSTerm,org.pitest.mutationtest.engine.gregor.mutators.NonVoidMethodCallMutator,<init>,185,NO_COVERAGE,none
JSTerm.java,umd.cs.shop.JSTerm,org.pitest.mutationtest.engine.gregor.mutators.NonVoidMethodCallMutator,<init>,185,NO_COVERAGE,none
JSTerm.java,umd.cs.shop.JSTerm,org.pitest.mutationtest.engine.gregor.mutators.RemoveConditionalMutator_EQUAL_ELSE,<init>,44,SURVIVED,none
JSTerm.java,umd.cs.shop.JSTerm,org.pitest.mutationtest.engine.gregor.mutators.RemoveConditionalMutator_EQUAL_ELSE,<init>,47,KILLED,umd.cs.shop.JSTerm_ESTest.test29
JSTerm.java,umd.cs.shop.JSTerm,org.pitest.mutationtest.engine.gregor.mutators.RemoveConditionalMutator_EQUAL_ELSE,<init>,48,KILLED,umd.cs.shop.JSTerm_ESTest.test26
JSTerm.java,umd.cs.shop.JSTerm,org.pitest.mutationtest.engine.gregor.mutators.RemoveConditionalMutator_EQUAL_ELSE,<init>,49,KILLED,umd.cs.shop.JSTerm_ESTest.test42
JSTerm.java,umd.cs.shop.JSTerm,org.pitest.mutationtest.engine.gregor.mutators.RemoveConditionalMutator_EQUAL_ELSE,<init>,61,KILLED,umd.cs.shop.JSTerm_ESTest.test40
JSTerm.java,umd.cs.shop.JSTerm,org.pitest.mutationtest.engine.gregor.mutators.RemoveConditionalMutator_EQUAL_ELSE,<init>,62,KILLED,umd.cs.shop.JSTerm_ESTest.test41
JSTerm.java,umd.cs.shop.JSTerm,org.pitest.mutationtest.engine.gregor.mutators.RemoveConditionalMutator_EQUAL_ELSE,<init>,66,KILLED,umd.cs.shop.JSTerm_ESTest.test22
JSTerm.java,umd.cs.shop.JSTerm,org.pitest.mutationtest.engine.gregor.mutators.RemoveConditionalMutator_EQUAL_ELSE,<init>,69,KILLED,umd.cs.shop.JSTerm_ESTest.test29
JSTerm.java,umd.cs.shop.JSTerm,org.pitest.mutationtest.engine.gregor.mutators.RemoveConditionalMutator_EQUAL_ELSE,<init>,92,SURVIVED,none
JSTerm.java,umd.cs.shop.JSTerm,org.pitest.mutationtest.engine.gregor.mutators.RemoveConditionalMutator_EQUAL_ELSE,<init>,96,SURVIVED,none
JSTerm.java,umd.cs.shop.JSTerm,org.pitest.mutationtest.engine.gregor.mutators.RemoveConditionalMutator_EQUAL_ELSE,<init>,99,SURVIVED,none
JSTerm.java,umd.cs.shop.JSTerm,org.pitest.mutationtest.engine.gregor.mutators.RemoveConditionalMutator_EQUAL_ELSE,<init>,99,SURVIVED,none
JSTerm.java,umd.cs.shop.JSTerm,org.pitest.mutationtest.engine.gregor.mutators.RemoveConditionalMutator_EQUAL_ELSE,<init>,103,NO_COVERAGE,none
JSTerm.java,umd.cs.shop.JSTerm,org.pitest.mutationtest.engine.gregor.mutators.RemoveConditionalMutator_EQUAL_ELSE,<init>,107,SURVIVED,none
JSTerm.java,umd.cs.shop.JSTerm,org.pitest.mutationtest.engine.gregor.mutators.RemoveConditionalMutator_EQUAL_ELSE,<init>,107,SURVIVED,none
JSTerm.java,umd.cs.shop.JSTerm,org.pitest.mutationtest.engine.gregor.mutators.RemoveConditionalMutator_EQUAL_ELSE,<init>,110,NO_COVERAGE,none
JSTerm.java,umd.cs.shop.JSTerm,org.pitest.mutationtest.engine.gregor.mutators.RemoveConditionalMutator_EQUAL_ELSE,<init>,113,NO_COVERAGE,none
JSTerm.java,umd.cs.shop.JSTerm,org.pitest.mutationtest.engine.gregor.mutators.RemoveConditionalMutator_EQUAL_ELSE,<init>,128,SURVIVED,none
JSTerm.java,umd.cs.shop.JSTerm,org.pitest.mutationtest.engine.gregor.mutators.RemoveConditionalMutator_EQUAL_ELSE,<init>,129,NO_COVERAGE,none
JSTerm.java,umd.cs.shop.JSTerm,org.pitest.mutationtest.engine.gregor.mutators.RemoveConditionalMutator_EQUAL_ELSE,<init>,132,NO_COVERAGE,none
JSTerm.java,umd.cs.shop.JSTerm,org.pitest.mutationtest.engine.gregor.mutators.RemoveConditionalMutator_EQUAL_ELSE,<init>,141,SURVIVED,none
JSTerm.java,umd.cs.shop.JSTerm,org.pitest.mutationtest.engine.gregor.mutators.RemoveConditionalMutator_EQUAL_ELSE,<init>,142,NO_COVERAGE,none
JSTerm.java,umd.cs.shop.JSTerm,org.pitest.mutationtest.engine.gregor.mutators.RemoveConditionalMutator_EQUAL_ELSE,<init>,145,NO_COVERAGE,none
JSTerm.java,umd.cs.shop.JSTerm,org.pitest.mutationtest.engine.gregor.mutators.RemoveConditionalMutator_EQUAL_ELSE,<init>,154,KILLED,umd.cs.shop.JSTerm_ESTest.test17
JSTerm.java,umd.cs.shop.JSTerm,org.pitest.mutationtest.engine.gregor.mutators.RemoveConditionalMutator_EQUAL_ELSE,<init>,154,KILLED,umd.cs.shop.JSTerm_ESTest.test17
JSTerm.java,umd.cs.shop.JSTerm,org.pitest.mutationtest.engine.gregor.mutators.RemoveConditionalMutator_EQUAL_ELSE,<init>,154,KILLED,umd.cs.shop.JSTerm_ESTest.test17
JSTerm.java,umd.cs.shop.JSTerm,org.pitest.mutationtest.engine.gregor.mutators.RemoveConditionalMutator_EQUAL_ELSE,<init>,154,SURVIVED,none
JSTerm.java,umd.cs.shop.JSTerm,org.pitest.mutationtest.engine.gregor.mutators.RemoveConditionalMutator_EQUAL_ELSE,<init>,163,KILLED,umd.cs.shop.JSTerm_ESTest.test36
JSTerm.java,umd.cs.shop.JSTerm,org.pitest.mutationtest.engine.gregor.mutators.RemoveConditionalMutator_EQUAL_ELSE,<init>,169,SURVIVED,none
JSTerm.java,umd.cs.shop.JSTerm,org.pitest.mutationtest.engine.gregor.mutators.RemoveConditionalMutator_EQUAL_ELSE,<init>,179,SURVIVED,none
JSTerm.java,umd.cs.shop.JSTerm,org.pitest.mutationtest.engine.gregor.mutators.RemoveConditionalMutator_EQUAL_IF,<init>,44,KILLED,umd.cs.shop.JSTerm_ESTest.test20
JSTerm.java,umd.cs.shop.JSTerm,org.pitest.mutationtest.engine.gregor.mutators.RemoveConditionalMutator_EQUAL_IF,<init>,47,KILLED,umd.cs.shop.JSTerm_ESTest.test20
JSTerm.java,umd.cs.shop.JSTerm,org.pitest.mutationtest.engine.gregor.mutators.RemoveConditionalMutator_EQUAL_IF,<init>,48,KILLED,umd.cs.shop.JSTerm_ESTest.test22
JSTerm.java,umd.cs.shop.JSTerm,org.pitest.mutationtest.engine.gregor.mutators.RemoveConditionalMutator_EQUAL_IF,<init>,49,KILLED,umd.cs.shop.JSTerm_ESTest.test26
JSTerm.java,umd.cs.shop.JSTerm,org.pitest.mutationtest.engine.gregor.mutators.RemoveConditionalMutator_EQUAL_IF,<init>,61,KILLED,umd.cs.shop.JSTerm_ESTest.test22
JSTerm.java,umd.cs.shop.JSTerm,org.pitest.mutationtest.engine.gregor.mutators.RemoveConditionalMutator_EQUAL_IF,<init>,62,KILLED,umd.cs.shop.JSTerm_ESTest.test40
JSTerm.java,umd.cs.shop.JSTerm,org.pitest.mutationtest.engine.gregor.mutators.RemoveConditionalMutator_EQUAL_IF,<init>,66,KILLED,umd.cs.shop.JSTerm_ESTest.test27
JSTerm.java,umd.cs.shop.JSTerm,org.pitest.mutationtest.engine.gregor.mutators.RemoveConditionalMutator_EQUAL_IF,<init>,69,KILLED,umd.cs.shop.JSTerm_ESTest.test05
JSTerm.java,umd.cs.shop.JSTerm,org.pitest.mutationtest.engine.gregor.mutators.RemoveConditionalMutator_EQUAL_IF,<init>,92,KILLED,umd.cs.shop.JSTerm_ESTest.test20
JSTerm.java,umd.cs.shop.JSTerm,org.pitest.mutationtest.engine.gregor.mutators.RemoveConditionalMutator_EQUAL_IF,<init>,96,KILLED,umd.cs.shop.JSTerm_ESTest.test20
JSTerm.java,umd.cs.shop.JSTerm,org.pitest.mutationtest.engine.gregor.mutators.RemoveConditionalMutator_EQUAL_IF,<init>,99,KILLED,umd.cs.shop.JSTerm_ESTest.test36
JSTerm.java,umd.cs.shop.JSTerm,org.pitest.mutationtest.engine.gregor.mutators.RemoveConditionalMutator_EQUAL_IF,<init>,99,KILLED,umd.cs.shop.JSTerm_ESTest.test20
JSTerm.java,umd.cs.shop.JSTerm,org.pitest.mutationtest.engine.gregor.mutators.RemoveConditionalMutator_EQUAL_IF,<init>,103,NO_COVERAGE,none
JSTerm.java,umd.cs.shop.JSTerm,org.pitest.mutationtest.engine.gregor.mutators.RemoveConditionalMutator_EQUAL_IF,<init>,107,KILLED,umd.cs.shop.JSTerm_ESTest.test36
JSTerm.java,umd.cs.shop.JSTerm,org.pitest.mutationtest.engine.gregor.mutators.RemoveConditionalMutator_EQUAL_IF,<init>,107,KILLED,umd.cs.shop.JSTerm_ESTest.test20
JSTerm.java,umd.cs.shop.JSTerm,org.pitest.mutationtest.engine.gregor.mutators.RemoveConditionalMutator_EQUAL_IF,<init>,110,NO_COVERAGE,none
JSTerm.java,umd.cs.shop.JSTerm,org.pitest.mutationtest.engine.gregor.mutators.RemoveConditionalMutator_EQUAL_IF,<init>,113,NO_COVERAGE,none
JSTerm.java,umd.cs.shop.JSTerm,org.pitest.mutationtest.engine.gregor.mutators.RemoveConditionalMutator_EQUAL_IF,<init>,128,KILLED,umd.cs.shop.JSTerm_ESTest.test17
JSTerm.java,umd.cs.shop.JSTerm,org.pitest.mutationtest.engine.gregor.mutators.RemoveConditionalMutator_EQUAL_IF,<init>,129,NO_COVERAGE,none
JSTerm.java,umd.cs.shop.JSTerm,org.pitest.mutationtest.engine.gregor.mutators.RemoveConditionalMutator_EQUAL_IF,<init>,132,NO_COVERAGE,none
JSTerm.java,umd.cs.shop.JSTerm,org.pitest.mutationtest.engine.gregor.mutators.RemoveConditionalMutator_EQUAL_IF,<init>,141,KILLED,umd.cs.shop.JSTerm_ESTest.test17
JSTerm.java,umd.cs.shop.JSTerm,org.pitest.mutationtest.engine.gregor.mutators.RemoveConditionalMutator_EQUAL_IF,<init>,142,NO_COVERAGE,none
JSTerm.java,umd.cs.shop.JSTerm,org.pitest.mutationtest.engine.gregor.mutators.RemoveConditionalMutator_EQUAL_IF,<init>,145,NO_COVERAGE,none
JSTerm.java,umd.cs.shop.JSTerm,org.pitest.mutationtest.engine.gregor.mutators.RemoveConditionalMutator_EQUAL_IF,<init>,154,SURVIVED,none
JSTerm.java,umd.cs.shop.JSTerm,org.pitest.mutationtest.engine.gregor.mutators.RemoveConditionalMutator_EQUAL_IF,<init>,154,SURVIVED,none
JSTerm.java,umd.cs.shop.JSTerm,org.pitest.mutationtest.engine.gregor.mutators.RemoveConditionalMutator_EQUAL_IF,<init>,154,SURVIVED,none
JSTerm.java,umd.cs.shop.JSTerm,org.pitest.mutationtest.engine.gregor.mutators.RemoveConditionalMutator_EQUAL_IF,<init>,154,KILLED,umd.cs.shop.JSTerm_ESTest.test17
JSTerm.java,umd.cs.shop.JSTerm,org.pitest.mutationtest.engine.gregor.mutators.RemoveConditionalMutator_EQUAL_IF,<init>,163,KILLED,umd.cs.shop.JSTerm_ESTest.test20
JSTerm.java,umd.cs.shop.JSTerm,org.pitest.mutationtest.engine.gregor.mutators.RemoveConditionalMutator_EQUAL_IF,<init>,169,KILLED,umd.cs.shop.JSTerm_ESTest.test20
JSTerm.java,umd.cs.shop.JSTerm,org.pitest.mutationtest.engine.gregor.mutators.RemoveConditionalMutator_EQUAL_IF,<init>,179,KILLED,umd.cs.shop.JSTerm_ESTest.test20
JSTerm.java,umd.cs.shop.JSTerm,org.pitest.mutationtest.engine.gregor.mutators.VoidMethodCallMutator,<init>,51,SURVIVED,none
JSTerm.java,umd.cs.shop.JSTerm,org.pitest.mutationtest.engine.gregor.mutators.VoidMethodCallMutator,<init>,53,KILLED,umd.cs.shop.JSTerm_ESTest.test26
JSTerm.java,umd.cs.shop.JSTerm,org.pitest.mutationtest.engine.gregor.mutators.VoidMethodCallMutator,<init>,64,SURVIVED,none
JSTerm.java,umd.cs.shop.JSTerm,org.pitest.mutationtest.engine.gregor.mutators.VoidMethodCallMutator,<init>,67,KILLED,umd.cs.shop.JSTerm_ESTest.test39
JSTerm.java,umd.cs.shop.JSTerm,org.pitest.mutationtest.engine.gregor.mutators.VoidMethodCallMutator,<init>,70,KILLED,umd.cs.shop.JSTerm_ESTest.test27
JSTerm.java,umd.cs.shop.JSTerm,org.pitest.mutationtest.engine.gregor.mutators.VoidMethodCallMutator,<init>,72,KILLED,umd.cs.shop.JSTerm_ESTest.test29
JSTerm.java,umd.cs.shop.JSTerm,org.pitest.mutationtest.engine.gregor.mutators.VoidMethodCallMutator,<init>,75,SURVIVED,none
JSTerm.java,umd.cs.shop.JSTerm,org.pitest.mutationtest.engine.gregor.mutators.VoidMethodCallMutator,<init>,93,NO_COVERAGE,none
JSTerm.java,umd.cs.shop.JSTerm,org.pitest.mutationtest.engine.gregor.mutators.VoidMethodCallMutator,<init>,114,NO_COVERAGE,none
JSTerm.java,umd.cs.shop.JSTerm,org.pitest.mutationtest.engine.gregor.mutators.VoidMethodCallMutator,<init>,115,NO_COVERAGE,none
JSTerm.java,umd.cs.shop.JSTerm,org.pitest.mutationtest.engine.gregor.mutators.VoidMethodCallMutator,<init>,119,NO_COVERAGE,none
JSTerm.java,umd.cs.shop.JSTerm,org.pitest.mutationtest.engine.gregor.mutators.VoidMethodCallMutator,<init>,120,NO_COVERAGE,none
JSTerm.java,umd.cs.shop.JSTerm,org.pitest.mutationtest.engine.gregor.mutators.VoidMethodCallMutator,<init>,121,NO_COVERAGE,none
JSTerm.java,umd.cs.shop.JSTerm,org.pitest.mutationtest.engine.gregor.mutators.VoidMethodCallMutator,<init>,122,NO_COVERAGE,none
JSTerm.java,umd.cs.shop.JSTerm,org.pitest.mutationtest.engine.gregor.mutators.VoidMethodCallMutator,<init>,133,NO_COVERAGE,none
JSTerm.java,umd.cs.shop.JSTerm,org.pitest.mutationtest.engine.gregor.mutators.VoidMethodCallMutator,<init>,136,NO_COVERAGE,none
JSTerm.java,umd.cs.shop.JSTerm,org.pitest.mutationtest.engine.gregor.mutators.VoidMethodCallMutator,<init>,137,NO_COVERAGE,none
JSTerm.java,umd.cs.shop.JSTerm,org.pitest.mutationtest.engine.gregor.mutators.VoidMethodCallMutator,<init>,146,NO_COVERAGE,none
JSTerm.java,umd.cs.shop.JSTerm,org.pitest.mutationtest.engine.gregor.mutators.VoidMethodCallMutator,<init>,149,NO_COVERAGE,none
JSTerm.java,umd.cs.shop.JSTerm,org.pitest.mutationtest.engine.gregor.mutators.VoidMethodCallMutator,<init>,150,NO_COVERAGE,none
JSTerm.java,umd.cs.shop.JSTerm,org.pitest.mutationtest.engine.gregor.mutators.VoidMethodCallMutator,<init>,160,NO_COVERAGE,none
JSTerm.java,umd.cs.shop.JSTerm,org.pitest.mutationtest.engine.gregor.mutators.VoidMethodCallMutator,<init>,164,SURVIVED,none
JSTerm.java,umd.cs.shop.JSTerm,org.pitest.mutationtest.engine.gregor.mutators.VoidMethodCallMutator,<init>,167,KILLED,umd.cs.shop.JSTerm_ESTest.test14
JSTerm.java,umd.cs.shop.JSTerm,org.pitest.mutationtest.engine.gregor.mutators.VoidMethodCallMutator,<init>,170,SURVIVED,none
JSTerm.java,umd.cs.shop.JSTerm,org.pitest.mutationtest.engine.gregor.mutators.VoidMethodCallMutator,<init>,173,KILLED,umd.cs.shop.JSTerm_ESTest.test20
JSTerm.java,umd.cs.shop.JSTerm,org.pitest.mutationtest.engine.gregor.mutators.VoidMethodCallMutator,<init>,180,NO_COVERAGE,none
JSTerm.java,umd.cs.shop.JSTerm,org.pitest.mutationtest.engine.gregor.mutators.VoidMethodCallMutator,<init>,181,NO_COVERAGE,none
JSTerm.java,umd.cs.shop.JSTerm,org.pitest.mutationtest.engine.gregor.mutators.VoidMethodCallMutator,<init>,185,NO_COVERAGE,none
JSTerm.java,umd.cs.shop.JSTerm,org.pitest.mutationtest.engine.gregor.mutators.VoidMethodCallMutator,<init>,186,NO_COVERAGE,none
JSTerm.java,umd.cs.shop.JSTerm,org.pitest.mutationtest.engine.gregor.mutators.experimental.MemberVariableMutator,<init>,38,SURVIVED,none
JSTerm.java,umd.cs.shop.JSTerm,org.pitest.mutationtest.engine.gregor.mutators.experimental.MemberVariableMutator,<init>,55,KILLED,umd.cs.shop.JSTerm_ESTest.test26
JSTerm.java,umd.cs.shop.JSTerm,org.pitest.mutationtest.engine.gregor.mutators.experimental.MemberVariableMutator,<init>,56,SURVIVED,none
JSTerm.java,umd.cs.shop.JSTerm,org.pitest.mutationtest.engine.gregor.mutators.experimental.MemberVariableMutator,<init>,57,SURVIVED,none
JSTerm.java,umd.cs.shop.JSTerm,org.pitest.mutationtest.engine.gregor.mutators.experimental.MemberVariableMutator,<init>,79,SURVIVED,none
JSTerm.java,umd.cs.shop.JSTerm,org.pitest.mutationtest.engine.gregor.mutators.experimental.MemberVariableMutator,<init>,80,KILLED,umd.cs.shop.JSTerm_ESTest.test29
JSTerm.java,umd.cs.shop.JSTerm,org.pitest.mutationtest.engine.gregor.mutators.experimental.MemberVariableMutator,<init>,81,SURVIVED,none
JSTerm.java,umd.cs.shop.JSTerm,org.pitest.mutationtest.engine.gregor.mutators.experimental.MemberVariableMutator,<init>,87,SURVIVED,none
JSTerm.java,umd.cs.shop.JSTerm,org.pitest.mutationtest.engine.gregor.mutators.experimental.MemberVariableMutator,<init>,88,SURVIVED,none
JSTerm.java,umd.cs.shop.JSTerm,org.pitest.mutationtest.engine.gregor.mutators.experimental.MemberVariableMutator,<init>,89,KILLED,umd.cs.shop.JSTerm_ESTest.test17
JSTerm.java,umd.cs.shop.JSTerm,org.pitest.mutationtest.engine.gregor.mutators.experimental.MemberVariableMutator,<init>,102,NO_COVERAGE,none
JSTerm.java,umd.cs.shop.JSTerm,org.pitest.mutationtest.engine.gregor.mutators.experimental.NakedReceiverMutator,<init>,53,SURVIVED,none
JSTerm.java,umd.cs.shop.JSTerm,org.pitest.mutationtest.engine.gregor.mutators.experimental.NakedReceiverMutator,<init>,53,SURVIVED,none
JSTerm.java,umd.cs.shop.JSTerm,org.pitest.mutationtest.engine.gregor.mutators.experimental.NakedReceiverMutator,<init>,64,SURVIVED,none
JSTerm.java,umd.cs.shop.JSTerm,org.pitest.mutationtest.engine.gregor.mutators.experimental.NakedReceiverMutator,<init>,64,SURVIVED,none
JSTerm.java,umd.cs.shop.JSTerm,org.pitest.mutationtest.engine.gregor.mutators.experimental.NakedReceiverMutator,<init>,75,SURVIVED,none
JSTerm.java,umd.cs.shop.JSTerm,org.pitest.mutationtest.engine.gregor.mutators.experimental.NakedReceiverMutator,<init>,75,SURVIVED,none
JSTerm.java,umd.cs.shop.JSTerm,org.pitest.mutationtest.engine.gregor.mutators.experimental.NakedReceiverMutator,<init>,75,SURVIVED,none
JSTerm.java,umd.cs.shop.JSTerm,org.pitest.mutationtest.engine.gregor.mutators.experimental.NakedReceiverMutator,<init>,93,NO_COVERAGE,none
JSTerm.java,umd.cs.shop.JSTerm,org.pitest.mutationtest.engine.gregor.mutators.experimental.NakedReceiverMutator,<init>,93,NO_COVERAGE,none
JSTerm.java,umd.cs.shop.JSTerm,org.pitest.mutationtest.engine.gregor.mutators.experimental.NakedReceiverMutator,<init>,93,NO_COVERAGE,none
JSTerm.java,umd.cs.shop.JSTerm,org.pitest.mutationtest.engine.gregor.mutators.experimental.NakedReceiverMutator,<init>,122,NO_COVERAGE,none
JSTerm.java,umd.cs.shop.JSTerm,org.pitest.mutationtest.engine.gregor.mutators.experimental.NakedReceiverMutator,<init>,164,SURVIVED,none
JSTerm.java,umd.cs.shop.JSTerm,org.pitest.mutationtest.engine.gregor.mutators.experimental.NakedReceiverMutator,<init>,164,SURVIVED,none
JSTerm.java,umd.cs.shop.JSTerm,org.pitest.mutationtest.engine.gregor.mutators.experimental.NakedReceiverMutator,<init>,164,SURVIVED,none
JSTerm.java,umd.cs.shop.JSTerm,org.pitest.mutationtest.engine.gregor.mutators.experimental.NakedReceiverMutator,<init>,170,SURVIVED,none
JSTerm.java,umd.cs.shop.JSTerm,org.pitest.mutationtest.engine.gregor.mutators.experimental.NakedReceiverMutator,<init>,170,SURVIVED,none
JSTerm.java,umd.cs.shop.JSTerm,org.pitest.mutationtest.engine.gregor.mutators.experimental.NakedReceiverMutator,<init>,170,SURVIVED,none
JSTerm.java,umd.cs.shop.JSTerm,org.pitest.mutationtest.engine.gregor.mutators.experimental.NakedReceiverMutator,<init>,185,NO_COVERAGE,none
JSTerm.java,umd.cs.shop.JSTerm,org.pitest.mutationtest.engine.gregor.mutators.experimental.NakedReceiverMutator,<init>,185,NO_COVERAGE,none
JSTerm.java,umd.cs.shop.JSTerm,org.pitest.mutationtest.engine.gregor.mutators.ArgumentPropagationMutator,applySubstitutionT,327,KILLED,umd.cs.shop.JSTerm_ESTest.test26
JSTerm.java,umd.cs.shop.JSTerm,org.pitest.mutationtest.engine.gregor.mutators.ConditionalsBoundaryMutator,applySubstitutionT,339,KILLED,umd.cs.shop.JSTerm_ESTest.test24
JSTerm.java,umd.cs.shop.JSTerm,org.pitest.mutationtest.engine.gregor.mutators.ConstructorCallMutator,applySubstitutionT,333,KILLED,umd.cs.shop.JSTerm_ESTest.test24
JSTerm.java,umd.cs.shop.JSTerm,org.pitest.mutationtest.engine.gregor.mutators.InlineConstantMutator,applySubstitutionT,336,KILLED,umd.cs.shop.JSTerm_ESTest.test24
JSTerm.java,umd.cs.shop.JSTerm,org.pitest.mutationtest.engine.gregor.mutators.InlineConstantMutator,applySubstitutionT,339,KILLED,umd.cs.shop.JSTerm_ESTest.test24
JSTerm.java,umd.cs.shop.JSTerm,org.pitest.mutationtest.engine.gregor.mutators.InlineConstantMutator,applySubstitutionT,339,KILLED,umd.cs.shop.JSTerm_ESTest.test44
JSTerm.java,umd.cs.shop.JSTerm,org.pitest.mutationtest.engine.gregor.mutators.MathMutator,applySubstitutionT,339,KILLED,umd.cs.shop.JSTerm_ESTest.test44
JSTerm.java,umd.cs.shop.JSTerm,org.pitest.mutationtest.engine.gregor.mutators.NegateConditionalsMutator,applySubstitutionT,322,KILLED,umd.cs.shop.JSTerm_ESTest.test26
JSTerm.java,umd.cs.shop.JSTerm,org.pitest.mutationtest.engine.gregor.mutators.NegateConditionalsMutator,applySubstitutionT,326,KILLED,umd.cs.shop.JSTerm_ESTest.test26
JSTerm.java,umd.cs.shop.JSTerm,org.pitest.mutationtest.engine.gregor.mutators.NegateConditionalsMutator,applySubstitutionT,339,KILLED,umd.cs.shop.JSTerm_ESTest.test24
JSTerm.java,umd.cs.shop.JSTerm,org.pitest.mutationtest.engine.gregor.mutators.NonVoidMethodCallMutator,applySubstitutionT,322,SURVIVED,none
JSTerm.java,umd.cs.shop.JSTerm,org.pitest.mutationtest.engine.gregor.mutators.NonVoidMethodCallMutator,applySubstitutionT,323,SURVIVED,none
JSTerm.java,umd.cs.shop.JSTerm,org.pitest.mutationtest.engine.gregor.mutators.NonVoidMethodCallMutator,applySubstitutionT,326,KILLED,umd.cs.shop.JSTerm_ESTest.test26
JSTerm.java,umd.cs.shop.JSTerm,org.pitest.mutationtest.engine.gregor.mutators.NonVoidMethodCallMutator,applySubstitutionT,327,KILLED,umd.cs.shop.JSTerm_ESTest.test39
JSTerm.java,umd.cs.shop.JSTerm,org.pitest.mutationtest.engine.gregor.mutators.NonVoidMethodCallMutator,applySubstitutionT,328,KILLED,umd.cs.shop.JSTerm_ESTest.test26
JSTerm.java,umd.cs.shop.JSTerm,org.pitest.mutationtest.engine.gregor.mutators.NonVoidMethodCallMutator,applySubstitutionT,336,KILLED,umd.cs.shop.JSTerm_ESTest.test25
JSTerm.java,umd.cs.shop.JSTerm,org.pitest.mutationtest.engine.gregor.mutators.NonVoidMethodCallMutator,applySubstitutionT,339,SURVIVED,none
JSTerm.java,umd.cs.shop.JSTerm,org.pitest.mutationtest.engine.gregor.mutators.NonVoidMethodCallMutator,applySubstitutionT,344,KILLED,umd.cs.shop.JSTerm_ESTest.test44
JSTerm.java,umd.cs.shop.JSTerm,org.pitest.mutationtest.engine.gregor.mutators.NonVoidMethodCallMutator,applySubstitutionT,345,SURVIVED,none
JSTerm.java,umd.cs.shop.JSTerm,org.pitest.mutationtest.engine.gregor.mutators.NullReturnValsMutator,applySubstitutionT,323,SURVIVED,none
JSTerm.java,umd.cs.shop.JSTerm,org.pitest.mutationtest.engine.gregor.mutators.NullReturnValsMutator,applySubstitutionT,328,SURVIVED,none
JSTerm.java,umd.cs.shop.JSTerm,org.pitest.mutationtest.engine.gregor.mutators.NullReturnValsMutator,applySubstitutionT,350,KILLED,umd.cs.shop.JSTerm_ESTest.test24
JSTerm.java,umd.cs.shop.JSTerm,org.pitest.mutationtest.engine.gregor.mutators.RemoveConditionalMutator_EQUAL_ELSE,applySubstitutionT,322,SURVIVED,none
JSTerm.java,umd.cs.shop.JSTerm,org.pitest.mutationtest.engine.gregor.mutators.RemoveConditionalMutator_EQUAL_ELSE,applySubstitutionT,326,KILLED,umd.cs.shop.JSTerm_ESTest.test26
JSTerm.java,umd.cs.shop.JSTerm,org.pitest.mutationtest.engine.gregor.mutators.RemoveConditionalMutator_EQUAL_IF,applySubstitutionT,322,KILLED,umd.cs.shop.JSTerm_ESTest.test26
JSTerm.java,umd.cs.shop.JSTerm,org.pitest.mutationtest.engine.gregor.mutators.RemoveConditionalMutator_EQUAL_IF,applySubstitutionT,326,SURVIVED,none
JSTerm.java,umd.cs.shop.JSTerm,org.pitest.mutationtest.engine.gregor.mutators.RemoveConditionalMutator_ORDER_ELSE,applySubstitutionT,339,SURVIVED,none
JSTerm.java,umd.cs.shop.JSTerm,org.pitest.mutationtest.engine.gregor.mutators.RemoveConditionalMutator_ORDER_IF,applySubstitutionT,339,KILLED,umd.cs.shop.JSTerm_ESTest.test24
JSTerm.java,umd.cs.shop.JSTerm,org.pitest.mutationtest.engine.gregor.mutators.ReturnValsMutator,applySubstitutionT,323,SURVIVED,none
JSTerm.java,umd.cs.shop.JSTerm,org.pitest.mutationtest.engine.gregor.mutators.ReturnValsMutator,applySubstitutionT,328,SURVIVED,none
JSTerm.java,umd.cs.shop.JSTerm,org.pitest.mutationtest.engine.gregor.mutators.ReturnValsMutator,applySubstitutionT,350,KILLED,umd.cs.shop.JSTerm_ESTest.test24
JSTerm.java,umd.cs.shop.JSTerm,org.pitest.mutationtest.engine.gregor.mutators.VoidMethodCallMutator,applySubstitutionT,334,SURVIVED,none
JSTerm.java,umd.cs.shop.JSTerm,org.pitest.mutationtest.engine.gregor.mutators.VoidMethodCallMutator,applySubstitutionT,335,KILLED,umd.cs.shop.JSTerm_ESTest.test24
JSTerm.java,umd.cs.shop.JSTerm,org.pitest.mutationtest.engine.gregor.mutators.VoidMethodCallMutator,applySubstitutionT,336,KILLED,umd.cs.shop.JSTerm_ESTest.test25
JSTerm.java,umd.cs.shop.JSTerm,org.pitest.mutationtest.engine.gregor.mutators.VoidMethodCallMutator,applySubstitutionT,345,SURVIVED,none
JSTerm.java,umd.cs.shop.JSTerm,org.pitest.mutationtest.engine.gregor.mutators.experimental.NakedReceiverMutator,applySubstitutionT,323,SURVIVED,none
JSTerm.java,umd.cs.shop.JSTerm,org.pitest.mutationtest.engine.gregor.mutators.experimental.NakedReceiverMutator,applySubstitutionT,328,KILLED,umd.cs.shop.JSTerm_ESTest.test26
JSTerm.java,umd.cs.shop.JSTerm,org.pitest.mutationtest.engine.gregor.mutators.experimental.NakedReceiverMutator,applySubstitutionT,345,SURVIVED,none
JSTerm.java,umd.cs.shop.JSTerm,org.pitest.mutationtest.engine.gregor.mutators.ArgumentPropagationMutator,call,643,NO_COVERAGE,none
JSTerm.java,umd.cs.shop.JSTerm,org.pitest.mutationtest.engine.gregor.mutators.ArgumentPropagationMutator,call,646,NO_COVERAGE,none
JSTerm.java,umd.cs.shop.JSTerm,org.pitest.mutationtest.engine.gregor.mutators.ConditionalsBoundaryMutator,call,620,KILLED,umd.cs.shop.JSTerm_ESTest.test45
JSTerm.java,umd.cs.shop.JSTerm,org.pitest.mutationtest.engine.gregor.mutators.ConditionalsBoundaryMutator,call,635,NO_COVERAGE,none
JSTerm.java,umd.cs.shop.JSTerm,org.pitest.mutationtest.engine.gregor.mutators.ConstructorCallMutator,call,615,NO_COVERAGE,none
JSTerm.java,umd.cs.shop.JSTerm,org.pitest.mutationtest.engine.gregor.mutators.ConstructorCallMutator,call,617,KILLED,umd.cs.shop.JSTerm_ESTest.test06
JSTerm.java,umd.cs.shop.JSTerm,org.pitest.mutationtest.engine.gregor.mutators.ConstructorCallMutator,call,626,NO_COVERAGE,none
JSTerm.java,umd.cs.shop.JSTerm,org.pitest.mutationtest.engine.gregor.mutators.ConstructorCallMutator,call,633,NO_COVERAGE,none
JSTerm.java,umd.cs.shop.JSTerm,org.pitest.mutationtest.engine.gregor.mutators.ConstructorCallMutator,call,642,NO_COVERAGE,none
JSTerm.java,umd.cs.shop.JSTerm,org.pitest.mutationtest.engine.gregor.mutators.InlineConstantMutator,call,619,KILLED,umd.cs.shop.JSTerm_ESTest.test45
JSTerm.java,umd.cs.shop.JSTerm,org.pitest.mutationtest.engine.gregor.mutators.InlineConstantMutator,call,620,KILLED,umd.cs.shop.JSTerm_ESTest.test45
JSTerm.java,umd.cs.shop.JSTerm,org.pitest.mutationtest.engine.gregor.mutators.InlineConstantMutator,call,626,NO_COVERAGE,none
JSTerm.java,umd.cs.shop.JSTerm,org.pitest.mutationtest.engine.gregor.mutators.InlineConstantMutator,call,627,NO_COVERAGE,none
JSTerm.java,umd.cs.shop.JSTerm,org.pitest.mutationtest.engine.gregor.mutators.InlineConstantMutator,call,635,NO_COVERAGE,none
JSTerm.java,umd.cs.shop.JSTerm,org.pitest.mutationtest.engine.gregor.mutators.InlineConstantMutator,call,636,NO_COVERAGE,none
JSTerm.java,umd.cs.shop.JSTerm,org.pitest.mutationtest.engine.gregor.mutators.NegateConditionalsMutator,call,608,KILLED,umd.cs.shop.JSTerm_ESTest.test06
JSTerm.java,umd.cs.shop.JSTerm,org.pitest.mutationtest.engine.gregor.mutators.NegateConditionalsMutator,call,611,SURVIVED,none
JSTerm.java,umd.cs.shop.JSTerm,org.pitest.mutationtest.engine.gregor.mutators.NegateConditionalsMutator,call,611,KILLED,umd.cs.shop.JSTerm_ESTest.test06
JSTerm.java,umd.cs.shop.JSTerm,org.pitest.mutationtest.engine.gregor.mutators.NegateConditionalsMutator,call,614,KILLED,umd.cs.shop.JSTerm_ESTest.test06
JSTerm.java,umd.cs.shop.JSTerm,org.pitest.mutationtest.engine.gregor.mutators.NegateConditionalsMutator,call,620,KILLED,umd.cs.shop.JSTerm_ESTest.test06
JSTerm.java,umd.cs.shop.JSTerm,org.pitest.mutationtest.engine.gregor.mutators.NegateConditionalsMutator,call,623,KILLED,umd.cs.shop.JSTerm_ESTest.test45
JSTerm.java,umd.cs.shop.JSTerm,org.pitest.mutationtest.engine.gregor.mutators.NegateConditionalsMutator,call,628,NO_COVERAGE,none
JSTerm.java,umd.cs.shop.JSTerm,org.pitest.mutationtest.engine.gregor.mutators.NegateConditionalsMutator,call,628,NO_COVERAGE,none
JSTerm.java,umd.cs.shop.JSTerm,org.pitest.mutationtest.engine.gregor.mutators.NegateConditionalsMutator,call,635,NO_COVERAGE,none
JSTerm.java,umd.cs.shop.JSTerm,org.pitest.mutationtest.engine.gregor.mutators.NegateConditionalsMutator,call,637,NO_COVERAGE,none
JSTerm.java,umd.cs.shop.JSTerm,org.pitest.mutationtest.engine.gregor.mutators.NonVoidMethodCallMutator,call,608,KILLED,umd.cs.shop.JSTerm_ESTest.test08
JSTerm.java,umd.cs.shop.JSTerm,org.pitest.mutationtest.engine.gregor.mutators.NonVoidMethodCallMutator,call,609,KILLED,umd.cs.shop.JSTerm_ESTest.test08
JSTerm.java,umd.cs.shop.JSTerm,org.pitest.mutationtest.engine.gregor.mutators.NonVoidMethodCallMutator,call,611,SURVIVED,none
JSTerm.java,umd.cs.shop.JSTerm,org.pitest.mutationtest.engine.gregor.mutators.NonVoidMethodCallMutator,call,611,SURVIVED,none
JSTerm.java,umd.cs.shop.JSTerm,org.pitest.mutationtest.engine.gregor.mutators.NonVoidMethodCallMutator,call,612,SURVIVED,none
JSTerm.java,umd.cs.shop.JSTerm,org.pitest.mutationtest.engine.gregor.mutators.NonVoidMethodCallMutator,call,614,SURVIVED,none
JSTerm.java,umd.cs.shop.JSTerm,org.pitest.mutationtest.engine.gregor.mutators.NonVoidMethodCallMutator,call,619,SURVIVED,none
JSTerm.java,umd.cs.shop.JSTerm,org.pitest.mutationtest.engine.gregor.mutators.NonVoidMethodCallMutator,call,620,KILLED,umd.cs.shop.JSTerm_ESTest.test06
JSTerm.java,umd.cs.shop.JSTerm,org.pitest.mutationtest.engine.gregor.mutators.NonVoidMethodCallMutator,call,621,KILLED,umd.cs.shop.JSTerm_ESTest.test06
JSTerm.java,umd.cs.shop.JSTerm,org.pitest.mutationtest.engine.gregor.mutators.NonVoidMethodCallMutator,call,621,SURVIVED,none
JSTerm.java,umd.cs.shop.JSTerm,org.pitest.mutationtest.engine.gregor.mutators.NonVoidMethodCallMutator,call,623,SURVIVED,none
JSTerm.java,umd.cs.shop.JSTerm,org.pitest.mutationtest.engine.gregor.mutators.NonVoidMethodCallMutator,call,626,NO_COVERAGE,none
JSTerm.java,umd.cs.shop.JSTerm,org.pitest.mutationtest.engine.gregor.mutators.NonVoidMethodCallMutator,call,627,NO_COVERAGE,none
JSTerm.java,umd.cs.shop.JSTerm,org.pitest.mutationtest.engine.gregor.mutators.NonVoidMethodCallMutator,call,627,NO_COVERAGE,none
JSTerm.java,umd.cs.shop.JSTerm,org.pitest.mutationtest.engine.gregor.mutators.NonVoidMethodCallMutator,call,628,NO_COVERAGE,none
JSTerm.java,umd.cs.shop.JSTerm,org.pitest.mutationtest.engine.gregor.mutators.NonVoidMethodCallMutator,call,628,NO_COVERAGE,none
JSTerm.java,umd.cs.shop.JSTerm,org.pitest.mutationtest.engine.gregor.mutators.NonVoidMethodCallMutator,call,635,NO_COVERAGE,none
JSTerm.java,umd.cs.shop.JSTerm,org.pitest.mutationtest.engine.gregor.mutators.NonVoidMethodCallMutator,call,636,NO_COVERAGE,none
JSTerm.java,umd.cs.shop.JSTerm,org.pitest.mutationtest.engine.gregor.mutators.NonVoidMethodCallMutator,call,636,NO_COVERAGE,none
JSTerm.java,umd.cs.shop.JSTerm,org.pitest.mutationtest.engine.gregor.mutators.NonVoidMethodCallMutator,call,637,NO_COVERAGE,none
JSTerm.java,umd.cs.shop.JSTerm,org.pitest.mutationtest.engine.gregor.mutators.NonVoidMethodCallMutator,call,643,NO_COVERAGE,none
JSTerm.java,umd.cs.shop.JSTerm,org.pitest.mutationtest.engine.gregor.mutators.NonVoidMethodCallMutator,call,646,NO_COVERAGE,none
JSTerm.java,umd.cs.shop.JSTerm,org.pitest.mutationtest.engine.gregor.mutators.NullReturnValsMutator,call,609,KILLED,umd.cs.shop.JSTerm_ESTest.test08
JSTerm.java,umd.cs.shop.JSTerm,org.pitest.mutationtest.engine.gregor.mutators.NullReturnValsMutator,call,612,SURVIVED,none
JSTerm.java,umd.cs.shop.JSTerm,org.pitest.mutationtest.engine.gregor.mutators.NullReturnValsMutator,call,615,NO_COVERAGE,none
JSTerm.java,umd.cs.shop.JSTerm,org.pitest.mutationtest.engine.gregor.mutators.NullReturnValsMutator,call,624,KILLED,umd.cs.shop.JSTerm_ESTest.test45
JSTerm.java,umd.cs.shop.JSTerm,org.pitest.mutationtest.engine.gregor.mutators.NullReturnValsMutator,call,633,NO_COVERAGE,none
JSTerm.java,umd.cs.shop.JSTerm,org.pitest.mutationtest.engine.gregor.mutators.NullReturnValsMutator,call,642,NO_COVERAGE,none
JSTerm.java,umd.cs.shop.JSTerm,org.pitest.mutationtest.engine.gregor.mutators.NullReturnValsMutator,call,654,NO_COVERAGE,none
JSTerm.java,umd.cs.shop.JSTerm,org.pitest.mutationtest.engine.gregor.mutators.RemoveConditionalMutator_EQUAL_ELSE,call,608,KILLED,umd.cs.shop.JSTerm_ESTest.test08
JSTerm.java,umd.cs.shop.JSTerm,org.pitest.mutationtest.engine.gregor.mutators.RemoveConditionalMutator_EQUAL_ELSE,call,611,SURVIVED,none
JSTerm.java,umd.cs.shop.JSTerm,org.pitest.mutationtest.engine.gregor.mutators.RemoveConditionalMutator_EQUAL_ELSE,call,611,SURVIVED,none
JSTerm.java,umd.cs.shop.JSTerm,org.pitest.mutationtest.engine.gregor.mutators.RemoveConditionalMutator_EQUAL_ELSE,call,614,SURVIVED,none
JSTerm.java,umd.cs.shop.JSTerm,org.pitest.mutationtest.engine.gregor.mutators.RemoveConditionalMutator_EQUAL_ELSE,call,623,KILLED,umd.cs.shop.JSTerm_ESTest.test45
JSTerm.java,umd.cs.shop.JSTerm,org.pitest.mutationtest.engine.gregor.mutators.RemoveConditionalMutator_EQUAL_ELSE,call,628,NO_COVERAGE,none
JSTerm.java,umd.cs.shop.JSTerm,org.pitest.mutationtest.engine.gregor.mutators.RemoveConditionalMutator_EQUAL_ELSE,call,628,NO_COVERAGE,none
JSTerm.java,umd.cs.shop.JSTerm,org.pitest.mutationtest.engine.gregor.mutators.RemoveConditionalMutator_EQUAL_ELSE,call,637,NO_COVERAGE,none
JSTerm.java,umd.cs.shop.JSTerm,org.pitest.mutationtest.engine.gregor.mutators.RemoveConditionalMutator_EQUAL_IF,call,608,KILLED,umd.cs.shop.JSTerm_ESTest.test06
JSTerm.java,umd.cs.shop.JSTerm,org.pitest.mutationtest.engine.gregor.mutators.RemoveConditionalMutator_EQUAL_IF,call,611,SURVIVED,none
JSTerm.java,umd.cs.shop.JSTerm,org.pitest.mutationtest.engine.gregor.mutators.RemoveConditionalMutator_EQUAL_IF,call,611,KILLED,umd.cs.shop.JSTerm_ESTest.test06
JSTerm.java,umd.cs.shop.JSTerm,org.pitest.mutationtest.engine.gregor.mutators.RemoveConditionalMutator_EQUAL_IF,call,614,KILLED,umd.cs.shop.JSTerm_ESTest.test06
JSTerm.java,umd.cs.shop.JSTerm,org.pitest.mutationtest.engine.gregor.mutators.RemoveConditionalMutator_EQUAL_IF,call,623,SURVIVED,none
JSTerm.java,umd.cs.shop.JSTerm,org.pitest.mutationtest.engine.gregor.mutators.RemoveConditionalMutator_EQUAL_IF,call,628,NO_COVERAGE,none
JSTerm.java,umd.cs.shop.JSTerm,org.pitest.mutationtest.engine.gregor.mutators.RemoveConditionalMutator_EQUAL_IF,call,628,NO_COVERAGE,none
JSTerm.java,umd.cs.shop.JSTerm,org.pitest.mutationtest.engine.gregor.mutators.RemoveConditionalMutator_EQUAL_IF,call,637,NO_COVERAGE,none
JSTerm.java,umd.cs.shop.JSTerm,org.pitest.mutationtest.engine.gregor.mutators.RemoveConditionalMutator_ORDER_ELSE,call,620,KILLED,umd.cs.shop.JSTerm_ESTest.test06
JSTerm.java,umd.cs.shop.JSTerm,org.pitest.mutationtest.engine.gregor.mutators.RemoveConditionalMutator_ORDER_ELSE,call,635,NO_COVERAGE,none
JSTerm.java,umd.cs.shop.JSTerm,org.pitest.mutationtest.engine.gregor.mutators.RemoveConditionalMutator_ORDER_IF,call,620,KILLED,umd.cs.shop.JSTerm_ESTest.test45
JSTerm.java,umd.cs.shop.JSTerm,org.pitest.mutationtest.engine.gregor.mutators.RemoveConditionalMutator_ORDER_IF,call,635,NO_COVERAGE,none
JSTerm.java,umd.cs.shop.JSTerm,org.pitest.mutationtest.engine.gregor.mutators.ReturnValsMutator,call,609,KILLED,umd.cs.shop.JSTerm_ESTest.test08
JSTerm.java,umd.cs.shop.JSTerm,org.pitest.mutationtest.engine.gregor.mutators.ReturnValsMutator,call,612,SURVIVED,none
JSTerm.java,umd.cs.shop.JSTerm,org.pitest.mutationtest.engine.gregor.mutators.ReturnValsMutator,call,615,NO_COVERAGE,none
JSTerm.java,umd.cs.shop.JSTerm,org.pitest.mutationtest.engine.gregor.mutators.ReturnValsMutator,call,624,KILLED,umd.cs.shop.JSTerm_ESTest.test45
JSTerm.java,umd.cs.shop.JSTerm,org.pitest.mutationtest.engine.gregor.mutators.ReturnValsMutator,call,633,NO_COVERAGE,none
JSTerm.java,umd.cs.shop.JSTerm,org.pitest.mutationtest.engine.gregor.mutators.ReturnValsMutator,call,642,NO_COVERAGE,none
JSTerm.java,umd.cs.shop.JSTerm,org.pitest.mutationtest.engine.gregor.mutators.ReturnValsMutator,call,654,NO_COVERAGE,none
JSTerm.java,umd.cs.shop.JSTerm,org.pitest.mutationtest.engine.gregor.mutators.VoidMethodCallMutator,call,618,KILLED,umd.cs.shop.JSTerm_ESTest.test45
JSTerm.java,umd.cs.shop.JSTerm,org.pitest.mutationtest.engine.gregor.mutators.VoidMethodCallMutator,call,619,SURVIVED,none
JSTerm.java,umd.cs.shop.JSTerm,org.pitest.mutationtest.engine.gregor.mutators.VoidMethodCallMutator,call,621,SURVIVED,none
JSTerm.java,umd.cs.shop.JSTerm,org.pitest.mutationtest.engine.gregor.mutators.experimental.NakedReceiverMutator,call,621,SURVIVED,none
JSTerm.java,umd.cs.shop.JSTerm,org.pitest.mutationtest.engine.gregor.mutators.experimental.NakedReceiverMutator,call,627,NO_COVERAGE,none
JSTerm.java,umd.cs.shop.JSTerm,org.pitest.mutationtest.engine.gregor.mutators.experimental.NakedReceiverMutator,call,636,NO_COVERAGE,none
JSTerm.java,umd.cs.shop.JSTerm,org.pitest.mutationtest.engine.gregor.mutators.ConditionalsBoundaryMutator,cloneT,309,KILLED,umd.cs.shop.JSTerm_ESTest.test02
JSTerm.java,umd.cs.shop.JSTerm,org.pitest.mutationtest.engine.gregor.mutators.ConstructorCallMutator,cloneT,290,KILLED,umd.cs.shop.JSTerm_ESTest.test39
JSTerm.java,umd.cs.shop.JSTerm,org.pitest.mutationtest.engine.gregor.mutators.InlineConstantMutator,cloneT,295,KILLED,umd.cs.shop.JSTerm_ESTest.test44
JSTerm.java,umd.cs.shop.JSTerm,org.pitest.mutationtest.engine.gregor.mutators.InlineConstantMutator,cloneT,301,KILLED,umd.cs.shop.JSTerm_ESTest.test39
JSTerm.java,umd.cs.shop.JSTerm,org.pitest.mutationtest.engine.gregor.mutators.InlineConstantMutator,cloneT,306,KILLED,umd.cs.shop.JSTerm_ESTest.test02
JSTerm.java,umd.cs.shop.JSTerm,org.pitest.mutationtest.engine.gregor.mutators.InlineConstantMutator,cloneT,309,KILLED,umd.cs.shop.JSTerm_ESTest.test02
JSTerm.java,umd.cs.shop.JSTerm,org.pitest.mutationtest.engine.gregor.mutators.InlineConstantMutator,cloneT,309,TIMED_OUT,none
JSTerm.java,umd.cs.shop.JSTerm,org.pitest.mutationtest.engine.gregor.mutators.MathMutator,cloneT,309,KILLED,umd.cs.shop.JSTerm_ESTest.test02
JSTerm.java,umd.cs.shop.JSTerm,org.pitest.mutationtest.engine.gregor.mutators.NegateConditionalsMutator,cloneT,294,KILLED,umd.cs.shop.JSTerm_ESTest.test00
JSTerm.java,umd.cs.shop.JSTerm,org.pitest.mutationtest.engine.gregor.mutators.NegateConditionalsMutator,cloneT,300,KILLED,umd.cs.shop.JSTerm_ESTest.test00
JSTerm.java,umd.cs.shop.JSTerm,org.pitest.mutationtest.engine.gregor.mutators.NegateConditionalsMutator,cloneT,309,KILLED,umd.cs.shop.JSTerm_ESTest.test00
JSTerm.java,umd.cs.shop.JSTerm,org.pitest.mutationtest.engine.gregor.mutators.NonVoidMethodCallMutator,cloneT,294,SURVIVED,none
JSTerm.java,umd.cs.shop.JSTerm,org.pitest.mutationtest.engine.gregor.mutators.NonVoidMethodCallMutator,cloneT,295,SURVIVED,none
JSTerm.java,umd.cs.shop.JSTerm,org.pitest.mutationtest.engine.gregor.mutators.NonVoidMethodCallMutator,cloneT,300,SURVIVED,none
JSTerm.java,umd.cs.shop.JSTerm,org.pitest.mutationtest.engine.gregor.mutators.NonVoidMethodCallMutator,cloneT,301,SURVIVED,none
JSTerm.java,umd.cs.shop.JSTerm,org.pitest.mutationtest.engine.gregor.mutators.NonVoidMethodCallMutator,cloneT,306,KILLED,umd.cs.shop.JSTerm_ESTest.test26
JSTerm.java,umd.cs.shop.JSTerm,org.pitest.mutationtest.engine.gregor.mutators.NonVoidMethodCallMutator,cloneT,309,SURVIVED,none
JSTerm.java,umd.cs.shop.JSTerm,org.pitest.mutationtest.engine.gregor.mutators.NonVoidMethodCallMutator,cloneT,311,KILLED,umd.cs.shop.JSTerm_ESTest.test02
JSTerm.java,umd.cs.shop.JSTerm,org.pitest.mutationtest.engine.gregor.mutators.NonVoidMethodCallMutator,cloneT,312,SURVIVED,none
JSTerm.java,umd.cs.shop.JSTerm,org.pitest.mutationtest.engine.gregor.mutators.NullReturnValsMutator,cloneT,297,SURVIVED,none
JSTerm.java,umd.cs.shop.JSTerm,org.pitest.mutationtest.engine.gregor.mutators.NullReturnValsMutator,cloneT,303,SURVIVED,none
JSTerm.java,umd.cs.shop.JSTerm,org.pitest.mutationtest.engine.gregor.mutators.NullReturnValsMutator,cloneT,315,KILLED,umd.cs.shop.JSTerm_ESTest.test00
JSTerm.java,umd.cs.shop.JSTerm,org.pitest.mutationtest.engine.gregor.mutators.RemoveConditionalMutator_EQUAL_ELSE,cloneT,294,SURVIVED,none
JSTerm.java,umd.cs.shop.JSTerm,org.pitest.mutationtest.engine.gregor.mutators.RemoveConditionalMutator_EQUAL_ELSE,cloneT,300,SURVIVED,none
JSTerm.java,umd.cs.shop.JSTerm,org.pitest.mutationtest.engine.gregor.mutators.RemoveConditionalMutator_EQUAL_IF,cloneT,294,KILLED,umd.cs.shop.JSTerm_ESTest.test00
JSTerm.java,umd.cs.shop.JSTerm,org.pitest.mutationtest.engine.gregor.mutators.RemoveConditionalMutator_EQUAL_IF,cloneT,300,KILLED,umd.cs.shop.JSTerm_ESTest.test00
JSTerm.java,umd.cs.shop.JSTerm,org.pitest.mutationtest.engine.gregor.mutators.RemoveConditionalMutator_ORDER_ELSE,cloneT,309,SURVIVED,none
JSTerm.java,umd.cs.shop.JSTerm,org.pitest.mutationtest.engine.gregor.mutators.RemoveConditionalMutator_ORDER_IF,cloneT,309,KILLED,umd.cs.shop.JSTerm_ESTest.test02
JSTerm.java,umd.cs.shop.JSTerm,org.pitest.mutationtest.engine.gregor.mutators.ReturnValsMutator,cloneT,297,SURVIVED,none
JSTerm.java,umd.cs.shop.JSTerm,org.pitest.mutationtest.engine.gregor.mutators.ReturnValsMutator,cloneT,303,SURVIVED,none
JSTerm.java,umd.cs.shop.JSTerm,org.pitest.mutationtest.engine.gregor.mutators.ReturnValsMutator,cloneT,315,KILLED,umd.cs.shop.JSTerm_ESTest.test00
JSTerm.java,umd.cs.shop.JSTerm,org.pitest.mutationtest.engine.gregor.mutators.VoidMethodCallMutator,cloneT,295,SURVIVED,none
JSTerm.java,umd.cs.shop.JSTerm,org.pitest.mutationtest.engine.gregor.mutators.VoidMethodCallMutator,cloneT,296,SURVIVED,none
JSTerm.java,umd.cs.shop.JSTerm,org.pitest.mutationtest.engine.gregor.mutators.VoidMethodCallMutator,cloneT,301,SURVIVED,none
JSTerm.java,umd.cs.shop.JSTerm,org.pitest.mutationtest.engine.gregor.mutators.VoidMethodCallMutator,cloneT,302,SURVIVED,none
JSTerm.java,umd.cs.shop.JSTerm,org.pitest.mutationtest.engine.gregor.mutators.VoidMethodCallMutator,cloneT,306,KILLED,umd.cs.shop.JSTerm_ESTest.test00
JSTerm.java,umd.cs.shop.JSTerm,org.pitest.mutationtest.engine.gregor.mutators.VoidMethodCallMutator,cloneT,312,SURVIVED,none
JSTerm.java,umd.cs.shop.JSTerm,org.pitest.mutationtest.engine.gregor.mutators.VoidMethodCallMutator,cloneT,314,KILLED,umd.cs.shop.JSTerm_ESTest.test00
JSTerm.java,umd.cs.shop.JSTerm,org.pitest.mutationtest.engine.gregor.mutators.experimental.MemberVariableMutator,cloneT,292,SURVIVED,none
JSTerm.java,umd.cs.shop.JSTerm,org.pitest.mutationtest.engine.gregor.mutators.experimental.NakedReceiverMutator,cloneT,312,SURVIVED,none
JSTerm.java,umd.cs.shop.JSTerm,org.pitest.mutationtest.engine.gregor.mutators.BooleanFalseReturnValsMutator,equals,442,KILLED,umd.cs.shop.JSTerm_ESTest.test29
JSTerm.java,umd.cs.shop.JSTerm,org.pitest.mutationtest.engine.gregor.mutators.BooleanFalseReturnValsMutator,equals,452,KILLED,umd.cs.shop.JSTerm_ESTest.test26
JSTerm.java,umd.cs.shop.JSTerm,org.pitest.mutationtest.engine.gregor.mutators.BooleanFalseReturnValsMutator,equals,478,KILLED,umd.cs.shop.JSTerm_ESTest.test17
JSTerm.java,umd.cs.shop.JSTerm,org.pitest.mutationtest.engine.gregor.mutators.BooleanTrueReturnValsMutator,equals,438,KILLED,umd.cs.shop.JSTerm_ESTest.test22
JSTerm.java,umd.cs.shop.JSTerm,org.pitest.mutationtest.engine.gregor.mutators.BooleanTrueReturnValsMutator,equals,442,KILLED,umd.cs.shop.JSTerm_ESTest.test27
JSTerm.java,umd.cs.shop.JSTerm,org.pitest.mutationtest.engine.gregor.mutators.BooleanTrueReturnValsMutator,equals,448,KILLED,umd.cs.shop.JSTerm_ESTest.test21
JSTerm.java,umd.cs.shop.JSTerm,org.pitest.mutationtest.engine.gregor.mutators.BooleanTrueReturnValsMutator,equals,452,SURVIVED,none
JSTerm.java,umd.cs.shop.JSTerm,org.pitest.mutationtest.engine.gregor.mutators.BooleanTrueReturnValsMutator,equals,456,KILLED,umd.cs.shop.JSTerm_ESTest.test20
JSTerm.java,umd.cs.shop.JSTerm,org.pitest.mutationtest.engine.gregor.mutators.BooleanTrueReturnValsMutator,equals,460,KILLED,umd.cs.shop.JSTerm_ESTest.test19
JSTerm.java,umd.cs.shop.JSTerm,org.pitest.mutationtest.engine.gregor.mutators.BooleanTrueReturnValsMutator,equals,466,KILLED,umd.cs.shop.JSTerm_ESTest.test18
JSTerm.java,umd.cs.shop.JSTerm,org.pitest.mutationtest.engine.gregor.mutators.BooleanTrueReturnValsMutator,equals,475,KILLED,umd.cs.shop.JSTerm_ESTest.test20
JSTerm.java,umd.cs.shop.JSTerm,org.pitest.mutationtest.engine.gregor.mutators.ConditionalsBoundaryMutator,equals,470,KILLED,umd.cs.shop.JSTerm_ESTest.test17
JSTerm.java,umd.cs.shop.JSTerm,org.pitest.mutationtest.engine.gregor.mutators.InlineConstantMutator,equals,438,KILLED,umd.cs.shop.JSTerm_ESTest.test22
JSTerm.java,umd.cs.shop.JSTerm,org.pitest.mutationtest.engine.gregor.mutators.InlineConstantMutator,equals,440,KILLED,umd.cs.shop.JSTerm_ESTest.test29
JSTerm.java,umd.cs.shop.JSTerm,org.pitest.mutationtest.engine.gregor.mutators.InlineConstantMutator,equals,441,KILLED,umd.cs.shop.JSTerm_ESTest.test29
JSTerm.java,umd.cs.shop.JSTerm,org.pitest.mutationtest.engine.gregor.mutators.InlineConstantMutator,equals,448,KILLED,umd.cs.shop.JSTerm_ESTest.test21
JSTerm.java,umd.cs.shop.JSTerm,org.pitest.mutationtest.engine.gregor.mutators.InlineConstantMutator,equals,450,KILLED,umd.cs.shop.JSTerm_ESTest.test26
JSTerm.java,umd.cs.shop.JSTerm,org.pitest.mutationtest.engine.gregor.mutators.InlineConstantMutator,equals,451,KILLED,umd.cs.shop.JSTerm_ESTest.test26
JSTerm.java,umd.cs.shop.JSTerm,org.pitest.mutationtest.engine.gregor.mutators.InlineConstantMutator,equals,456,KILLED,umd.cs.shop.JSTerm_ESTest.test20
JSTerm.java,umd.cs.shop.JSTerm,org.pitest.mutationtest.engine.gregor.mutators.InlineConstantMutator,equals,460,KILLED,umd.cs.shop.JSTerm_ESTest.test19
JSTerm.java,umd.cs.shop.JSTerm,org.pitest.mutationtest.engine.gregor.mutators.InlineConstantMutator,equals,462,KILLED,umd.cs.shop.JSTerm_ESTest.test20
JSTerm.java,umd.cs.shop.JSTerm,org.pitest.mutationtest.engine.gregor.mutators.InlineConstantMutator,equals,463,KILLED,umd.cs.shop.JSTerm_ESTest.test20
JSTerm.java,umd.cs.shop.JSTerm,org.pitest.mutationtest.engine.gregor.mutators.InlineConstantMutator,equals,466,KILLED,umd.cs.shop.JSTerm_ESTest.test18
JSTerm.java,umd.cs.shop.JSTerm,org.pitest.mutationtest.engine.gregor.mutators.InlineConstantMutator,equals,470,KILLED,umd.cs.shop.JSTerm_ESTest.test20
JSTerm.java,umd.cs.shop.JSTerm,org.pitest.mutationtest.engine.gregor.mutators.InlineConstantMutator,equals,475,KILLED,umd.cs.shop.JSTerm_ESTest.test20
JSTerm.java,umd.cs.shop.JSTerm,org.pitest.mutationtest.engine.gregor.mutators.InlineConstantMutator,equals,470,TIMED_OUT,none
JSTerm.java,umd.cs.shop.JSTerm,org.pitest.mutationtest.engine.gregor.mutators.InlineConstantMutator,equals,478,KILLED,umd.cs.shop.JSTerm_ESTest.test17
JSTerm.java,umd.cs.shop.JSTerm,org.pitest.mutationtest.engine.gregor.mutators.MathMutator,equals,470,KILLED,umd.cs.shop.JSTerm_ESTest.test17
JSTerm.java,umd.cs.shop.JSTerm,org.pitest.mutationtest.engine.gregor.mutators.NegateConditionalsMutator,equals,436,KILLED,umd.cs.shop.JSTerm_ESTest.test29
JSTerm.java,umd.cs.shop.JSTerm,org.pitest.mutationtest.engine.gregor.mutators.NegateConditionalsMutator,equals,437,KILLED,umd.cs.shop.JSTerm_ESTest.test29
JSTerm.java,umd.cs.shop.JSTerm,org.pitest.mutationtest.engine.gregor.mutators.NegateConditionalsMutator,equals,446,KILLED,umd.cs.shop.JSTerm_ESTest.test17
JSTerm.java,umd.cs.shop.JSTerm,org.pitest.mutationtest.engine.gregor.mutators.NegateConditionalsMutator,equals,447,KILLED,umd.cs.shop.JSTerm_ESTest.test26
JSTerm.java,umd.cs.shop.JSTerm,org.pitest.mutationtest.engine.gregor.mutators.NegateConditionalsMutator,equals,455,KILLED,umd.cs.shop.JSTerm_ESTest.test17
JSTerm.java,umd.cs.shop.JSTerm,org.pitest.mutationtest.engine.gregor.mutators.NegateConditionalsMutator,equals,458,KILLED,umd.cs.shop.JSTerm_ESTest.test17
JSTerm.java,umd.cs.shop.JSTerm,org.pitest.mutationtest.engine.gregor.mutators.NegateConditionalsMutator,equals,464,KILLED,umd.cs.shop.JSTerm_ESTest.test17
JSTerm.java,umd.cs.shop.JSTerm,org.pitest.mutationtest.engine.gregor.mutators.NegateConditionalsMutator,equals,470,KILLED,umd.cs.shop.JSTerm_ESTest.test20
JSTerm.java,umd.cs.shop.JSTerm,org.pitest.mutationtest.engine.gregor.mutators.NegateConditionalsMutator,equals,474,KILLED,umd.cs.shop.JSTerm_ESTest.test20
JSTerm.java,umd.cs.shop.JSTerm,org.pitest.mutationtest.engine.gregor.mutators.NonVoidMethodCallMutator,equals,436,KILLED,umd.cs.shop.JSTerm_ESTest.test29
JSTerm.java,umd.cs.shop.JSTerm,org.pitest.mutationtest.engine.gregor.mutators.NonVoidMethodCallMutator,equals,437,KILLED,umd.cs.shop.JSTerm_ESTest.test29
JSTerm.java,umd.cs.shop.JSTerm,org.pitest.mutationtest.engine.gregor.mutators.NonVoidMethodCallMutator,equals,440,KILLED,umd.cs.shop.JSTerm_ESTest.test29
JSTerm.java,umd.cs.shop.JSTerm,org.pitest.mutationtest.engine.gregor.mutators.NonVoidMethodCallMutator,equals,441,KILLED,umd.cs.shop.JSTerm_ESTest.test29
JSTerm.java,umd.cs.shop.JSTerm,org.pitest.mutationtest.engine.gregor.mutators.NonVoidMethodCallMutator,equals,442,KILLED,umd.cs.shop.JSTerm_ESTest.test29
JSTerm.java,umd.cs.shop.JSTerm,org.pitest.mutationtest.engine.gregor.mutators.NonVoidMethodCallMutator,equals,446,KILLED,umd.cs.shop.JSTerm_ESTest.test26
JSTerm.java,umd.cs.shop.JSTerm,org.pitest.mutationtest.engine.gregor.mutators.NonVoidMethodCallMutator,equals,447,KILLED,umd.cs.shop.JSTerm_ESTest.test26
JSTerm.java,umd.cs.shop.JSTerm,org.pitest.mutationtest.engine.gregor.mutators.NonVoidMethodCallMutator,equals,450,KILLED,umd.cs.shop.JSTerm_ESTest.test26
JSTerm.java,umd.cs.shop.JSTerm,org.pitest.mutationtest.engine.gregor.mutators.NonVoidMethodCallMutator,equals,451,KILLED,umd.cs.shop.JSTerm_ESTest.test26
JSTerm.java,umd.cs.shop.JSTerm,org.pitest.mutationtest.engine.gregor.mutators.NonVoidMethodCallMutator,equals,452,KILLED,umd.cs.shop.JSTerm_ESTest.test26
JSTerm.java,umd.cs.shop.JSTerm,org.pitest.mutationtest.engine.gregor.mutators.NonVoidMethodCallMutator,equals,455,KILLED,umd.cs.shop.JSTerm_ESTest.test17
JSTerm.java,umd.cs.shop.JSTerm,org.pitest.mutationtest.engine.gregor.mutators.NonVoidMethodCallMutator,equals,458,KILLED,umd.cs.shop.JSTerm_ESTest.test17
JSTerm.java,umd.cs.shop.JSTerm,org.pitest.mutationtest.engine.gregor.mutators.NonVoidMethodCallMutator,equals,458,KILLED,umd.cs.shop.JSTerm_ESTest.test17
JSTerm.java,umd.cs.shop.JSTerm,org.pitest.mutationtest.engine.gregor.mutators.NonVoidMethodCallMutator,equals,462,KILLED,umd.cs.shop.JSTerm_ESTest.test20
JSTerm.java,umd.cs.shop.JSTerm,org.pitest.mutationtest.engine.gregor.mutators.NonVoidMethodCallMutator,equals,463,KILLED,umd.cs.shop.JSTerm_ESTest.test17
JSTerm.java,umd.cs.shop.JSTerm,org.pitest.mutationtest.engine.gregor.mutators.NonVoidMethodCallMutator,equals,464,KILLED,umd.cs.shop.JSTerm_ESTest.test17
JSTerm.java,umd.cs.shop.JSTerm,org.pitest.mutationtest.engine.gregor.mutators.NonVoidMethodCallMutator,equals,470,KILLED,umd.cs.shop.JSTerm_ESTest.test20
JSTerm.java,umd.cs.shop.JSTerm,org.pitest.mutationtest.engine.gregor.mutators.NonVoidMethodCallMutator,equals,472,KILLED,umd.cs.shop.JSTerm_ESTest.test20
JSTerm.java,umd.cs.shop.JSTerm,org.pitest.mutationtest.engine.gregor.mutators.NonVoidMethodCallMutator,equals,473,KILLED,umd.cs.shop.JSTerm_ESTest.test20
JSTerm.java,umd.cs.shop.JSTerm,org.pitest.mutationtest.engine.gregor.mutators.NonVoidMethodCallMutator,equals,474,KILLED,umd.cs.shop.JSTerm_ESTest.test17
JSTerm.java,umd.cs.shop.JSTerm,org.pitest.mutationtest.engine.gregor.mutators.RemoveConditionalMutator_EQUAL_ELSE,equals,436,KILLED,umd.cs.shop.JSTerm_ESTest.test29
JSTerm.java,umd.cs.shop.JSTerm,org.pitest.mutationtest.engine.gregor.mutators.RemoveConditionalMutator_EQUAL_ELSE,equals,437,KILLED,umd.cs.shop.JSTerm_ESTest.test22
JSTerm.java,umd.cs.shop.JSTerm,org.pitest.mutationtest.engine.gregor.mutators.RemoveConditionalMutator_EQUAL_ELSE,equals,446,TIMED_OUT,none
JSTerm.java,umd.cs.shop.JSTerm,org.pitest.mutationtest.engine.gregor.mutators.RemoveConditionalMutator_EQUAL_ELSE,equals,447,KILLED,umd.cs.shop.JSTerm_ESTest.test21
JSTerm.java,umd.cs.shop.JSTerm,org.pitest.mutationtest.engine.gregor.mutators.RemoveConditionalMutator_EQUAL_ELSE,equals,455,KILLED,umd.cs.shop.JSTerm_ESTest.test20
JSTerm.java,umd.cs.shop.JSTerm,org.pitest.mutationtest.engine.gregor.mutators.RemoveConditionalMutator_EQUAL_ELSE,equals,458,KILLED,umd.cs.shop.JSTerm_ESTest.test19
JSTerm.java,umd.cs.shop.JSTerm,org.pitest.mutationtest.engine.gregor.mutators.RemoveConditionalMutator_EQUAL_ELSE,equals,464,KILLED,umd.cs.shop.JSTerm_ESTest.test18
JSTerm.java,umd.cs.shop.JSTerm,org.pitest.mutationtest.engine.gregor.mutators.RemoveConditionalMutator_EQUAL_ELSE,equals,474,KILLED,umd.cs.shop.JSTerm_ESTest.test20
JSTerm.java,umd.cs.shop.JSTerm,org.pitest.mutationtest.engine.gregor.mutators.RemoveConditionalMutator_EQUAL_IF,equals,436,KILLED,umd.cs.shop.JSTerm_ESTest.test17
JSTerm.java,umd.cs.shop.JSTerm,org.pitest.mutationtest.engine.gregor.mutators.RemoveConditionalMutator_EQUAL_IF,equals,437,KILLED,umd.cs.shop.JSTerm_ESTest.test29
JSTerm.java,umd.cs.shop.JSTerm,org.pitest.mutationtest.engine.gregor.mutators.RemoveConditionalMutator_EQUAL_IF,equals,446,KILLED,umd.cs.shop.JSTerm_ESTest.test17
JSTerm.java,umd.cs.shop.JSTerm,org.pitest.mutationtest.engine.gregor.mutators.RemoveConditionalMutator_EQUAL_IF,equals,447,KILLED,umd.cs.shop.JSTerm_ESTest.test26
JSTerm.java,umd.cs.shop.JSTerm,org.pitest.mutationtest.engine.gregor.mutators.RemoveConditionalMutator_EQUAL_IF,equals,455,KILLED,umd.cs.shop.JSTerm_ESTest.test17
JSTerm.java,umd.cs.shop.JSTerm,org.pitest.mutationtest.engine.gregor.mutators.RemoveConditionalMutator_EQUAL_IF,equals,458,KILLED,umd.cs.shop.JSTerm_ESTest.test17
JSTerm.java,umd.cs.shop.JSTerm,org.pitest.mutationtest.engine.gregor.mutators.RemoveConditionalMutator_EQUAL_IF,equals,464,KILLED,umd.cs.shop.JSTerm_ESTest.test17
JSTerm.java,umd.cs.shop.JSTerm,org.pitest.mutationtest.engine.gregor.mutators.RemoveConditionalMutator_EQUAL_IF,equals,474,KILLED,umd.cs.shop.JSTerm_ESTest.test17
JSTerm.java,umd.cs.shop.JSTerm,org.pitest.mutationtest.engine.gregor.mutators.RemoveConditionalMutator_ORDER_ELSE,equals,470,KILLED,umd.cs.shop.JSTerm_ESTest.test20
JSTerm.java,umd.cs.shop.JSTerm,org.pitest.mutationtest.engine.gregor.mutators.RemoveConditionalMutator_ORDER_IF,equals,470,KILLED,umd.cs.shop.JSTerm_ESTest.test17
JSTerm.java,umd.cs.shop.JSTerm,org.pitest.mutationtest.engine.gregor.mutators.ReturnValsMutator,equals,438,KILLED,umd.cs.shop.JSTerm_ESTest.test22
JSTerm.java,umd.cs.shop.JSTerm,org.pitest.mutationtest.engine.gregor.mutators.ReturnValsMutator,equals,442,KILLED,umd.cs.shop.JSTerm_ESTest.test29
JSTerm.java,umd.cs.shop.JSTerm,org.pitest.mutationtest.engine.gregor.mutators.ReturnValsMutator,equals,448,KILLED,umd.cs.shop.JSTerm_ESTest.test21
JSTerm.java,umd.cs.shop.JSTerm,org.pitest.mutationtest.engine.gregor.mutators.ReturnValsMutator,equals,452,KILLED,umd.cs.shop.JSTerm_ESTest.test26
JSTerm.java,umd.cs.shop.JSTerm,org.pitest.mutationtest.engine.gregor.mutators.ReturnValsMutator,equals,456,KILLED,umd.cs.shop.JSTerm_ESTest.test20
JSTerm.java,umd.cs.shop.JSTerm,org.pitest.mutationtest.engine.gregor.mutators.ReturnValsMutator,equals,460,KILLED,umd.cs.shop.JSTerm_ESTest.test19
JSTerm.java,umd.cs.shop.JSTerm,org.pitest.mutationtest.engine.gregor.mutators.ReturnValsMutator,equals,466,KILLED,umd.cs.shop.JSTerm_ESTest.test18
JSTerm.java,umd.cs.shop.JSTerm,org.pitest.mutationtest.engine.gregor.mutators.ReturnValsMutator,equals,475,KILLED,umd.cs.shop.JSTerm_ESTest.test20
JSTerm.java,umd.cs.shop.JSTerm,org.pitest.mutationtest.engine.gregor.mutators.ReturnValsMutator,equals,478,KILLED,umd.cs.shop.JSTerm_ESTest.test17
JSTerm.java,umd.cs.shop.JSTerm,org.pitest.mutationtest.engine.gregor.mutators.BooleanFalseReturnValsMutator,isConstant,488,KILLED,umd.cs.shop.JSTerm_ESTest.test29
JSTerm.java,umd.cs.shop.JSTerm,org.pitest.mutationtest.engine.gregor.mutators.BooleanTrueReturnValsMutator,isConstant,488,KILLED,umd.cs.shop.JSTerm_ESTest.test20
JSTerm.java,umd.cs.shop.JSTerm,org.pitest.mutationtest.engine.gregor.mutators.ReturnValsMutator,isConstant,488,KILLED,umd.cs.shop.JSTerm_ESTest.test20
JSTerm.java,umd.cs.shop.JSTerm,org.pitest.mutationtest.engine.gregor.mutators.BooleanFalseReturnValsMutator,isEval,498,SURVIVED,none
JSTerm.java,umd.cs.shop.JSTerm,org.pitest.mutationtest.engine.gregor.mutators.BooleanTrueReturnValsMutator,isEval,498,KILLED,umd.cs.shop.JSTerm_ESTest.test24
JSTerm.java,umd.cs.shop.JSTerm,org.pitest.mutationtest.engine.gregor.mutators.ReturnValsMutator,isEval,498,KILLED,umd.cs.shop.JSTerm_ESTest.test24
JSTerm.java,umd.cs.shop.JSTerm,org.pitest.mutationtest.engine.gregor.mutators.BooleanFalseReturnValsMutator,isFunction,493,KILLED,umd.cs.shop.JSTerm_ESTest.test17
JSTerm.java,umd.cs.shop.JSTerm,org.pitest.mutationtest.engine.gregor.mutators.BooleanTrueReturnValsMutator,isFunction,493,KILLED,umd.cs.shop.JSTerm_ESTest.test20
JSTerm.java,umd.cs.shop.JSTerm,org.pitest.mutationtest.engine.gregor.mutators.ReturnValsMutator,isFunction,493,KILLED,umd.cs.shop.JSTerm_ESTest.test17
JSTerm.java,umd.cs.shop.JSTerm,org.pitest.mutationtest.engine.gregor.mutators.BooleanFalseReturnValsMutator,isGround,554,KILLED,umd.cs.shop.JSTerm_ESTest.test13
JSTerm.java,umd.cs.shop.JSTerm,org.pitest.mutationtest.engine.gregor.mutators.BooleanFalseReturnValsMutator,isGround,570,KILLED,umd.cs.shop.JSTerm_ESTest.test12
JSTerm.java,umd.cs.shop.JSTerm,org.pitest.mutationtest.engine.gregor.mutators.BooleanTrueReturnValsMutator,isGround,558,KILLED,umd.cs.shop.JSTerm_ESTest.test11
JSTerm.java,umd.cs.shop.JSTerm,org.pitest.mutationtest.engine.gregor.mutators.BooleanTrueReturnValsMutator,isGround,567,KILLED,umd.cs.shop.JSTerm_ESTest.test11
JSTerm.java,umd.cs.shop.JSTerm,org.pitest.mutationtest.engine.gregor.mutators.ConditionalsBoundaryMutator,isGround,563,KILLED,umd.cs.shop.JSTerm_ESTest.test12
JSTerm.java,umd.cs.shop.JSTerm,org.pitest.mutationtest.engine.gregor.mutators.InlineConstantMutator,isGround,554,KILLED,umd.cs.shop.JSTerm_ESTest.test13
JSTerm.java,umd.cs.shop.JSTerm,org.pitest.mutationtest.engine.gregor.mutators.InlineConstantMutator,isGround,558,KILLED,umd.cs.shop.JSTerm_ESTest.test11
JSTerm.java,umd.cs.shop.JSTerm,org.pitest.mutationtest.engine.gregor.mutators.InlineConstantMutator,isGround,563,KILLED,umd.cs.shop.JSTerm_ESTest.test11
JSTerm.java,umd.cs.shop.JSTerm,org.pitest.mutationtest.engine.gregor.mutators.InlineConstantMutator,isGround,567,KILLED,umd.cs.shop.JSTerm_ESTest.test11
JSTerm.java,umd.cs.shop.JSTerm,org.pitest.mutationtest.engine.gregor.mutators.InlineConstantMutator,isGround,563,TIMED_OUT,none
JSTerm.java,umd.cs.shop.JSTerm,org.pitest.mutationtest.engine.gregor.mutators.InlineConstantMutator,isGround,570,KILLED,umd.cs.shop.JSTerm_ESTest.test12
JSTerm.java,umd.cs.shop.JSTerm,org.pitest.mutationtest.engine.gregor.mutators.MathMutator,isGround,563,KILLED,umd.cs.shop.JSTerm_ESTest.test12
JSTerm.java,umd.cs.shop.JSTerm,org.pitest.mutationtest.engine.gregor.mutators.NegateConditionalsMutator,isGround,553,KILLED,umd.cs.shop.JSTerm_ESTest.test11
JSTerm.java,umd.cs.shop.JSTerm,org.pitest.mutationtest.engine.gregor.mutators.NegateConditionalsMutator,isGround,557,KILLED,umd.cs.shop.JSTerm_ESTest.test12
JSTerm.java,umd.cs.shop.JSTerm,org.pitest.mutationtest.engine.gregor.mutators.NegateConditionalsMutator,isGround,563,KILLED,umd.cs.shop.JSTerm_ESTest.test11
JSTerm.java,umd.cs.shop.JSTerm,org.pitest.mutationtest.engine.gregor.mutators.NegateConditionalsMutator,isGround,566,KILLED,umd.cs.shop.JSTerm_ESTest.test11
JSTerm.java,umd.cs.shop.JSTerm,org.pitest.mutationtest.engine.gregor.mutators.NonVoidMethodCallMutator,isGround,553,SURVIVED,none
JSTerm.java,umd.cs.shop.JSTerm,org.pitest.mutationtest.engine.gregor.mutators.NonVoidMethodCallMutator,isGround,557,KILLED,umd.cs.shop.JSTerm_ESTest.test11
JSTerm.java,umd.cs.shop.JSTerm,org.pitest.mutationtest.engine.gregor.mutators.NonVoidMethodCallMutator,isGround,563,KILLED,umd.cs.shop.JSTerm_ESTest.test11
JSTerm.java,umd.cs.shop.JSTerm,org.pitest.mutationtest.engine.gregor.mutators.NonVoidMethodCallMutator,isGround,565,KILLED,umd.cs.shop.JSTerm_ESTest.test11
JSTerm.java,umd.cs.shop.JSTerm,org.pitest.mutationtest.engine.gregor.mutators.NonVoidMethodCallMutator,isGround,566,KILLED,umd.cs.shop.JSTerm_ESTest.test12
JSTerm.java,umd.cs.shop.JSTerm,org.pitest.mutationtest.engine.gregor.mutators.RemoveConditionalMutator_EQUAL_ELSE,isGround,553,SURVIVED,none
JSTerm.java,umd.cs.shop.JSTerm,org.pitest.mutationtest.engine.gregor.mutators.RemoveConditionalMutator_EQUAL_ELSE,isGround,557,KILLED,umd.cs.shop.JSTerm_ESTest.test11
JSTerm.java,umd.cs.shop.JSTerm,org.pitest.mutationtest.engine.gregor.mutators.RemoveConditionalMutator_EQUAL_ELSE,isGround,566,KILLED,umd.cs.shop.JSTerm_ESTest.test11
JSTerm.java,umd.cs.shop.JSTerm,org.pitest.mutationtest.engine.gregor.mutators.RemoveConditionalMutator_EQUAL_IF,isGround,553,KILLED,umd.cs.shop.JSTerm_ESTest.test11
JSTerm.java,umd.cs.shop.JSTerm,org.pitest.mutationtest.engine.gregor.mutators.RemoveConditionalMutator_EQUAL_IF,isGround,557,KILLED,umd.cs.shop.JSTerm_ESTest.test12
JSTerm.java,umd.cs.shop.JSTerm,org.pitest.mutationtest.engine.gregor.mutators.RemoveConditionalMutator_EQUAL_IF,isGround,566,KILLED,umd.cs.shop.JSTerm_ESTest.test12
JSTerm.java,umd.cs.shop.JSTerm,org.pitest.mutationtest.engine.gregor.mutators.RemoveConditionalMutator_ORDER_ELSE,isGround,563,KILLED,umd.cs.shop.JSTerm_ESTest.test11
JSTerm.java,umd.cs.shop.JSTerm,org.pitest.mutationtest.engine.gregor.mutators.RemoveConditionalMutator_ORDER_IF,isGround,563,KILLED,umd.cs.shop.JSTerm_ESTest.test12
JSTerm.java,umd.cs.shop.JSTerm,org.pitest.mutationtest.engine.gregor.mutators.ReturnValsMutator,isGround,554,KILLED,umd.cs.shop.JSTerm_ESTest.test13
JSTerm.java,umd.cs.shop.JSTerm,org.pitest.mutationtest.engine.gregor.mutators.ReturnValsMutator,isGround,558,KILLED,umd.cs.shop.JSTerm_ESTest.test11
JSTerm.java,umd.cs.shop.JSTerm,org.pitest.mutationtest.engine.gregor.mutators.ReturnValsMutator,isGround,567,KILLED,umd.cs.shop.JSTerm_ESTest.test11
JSTerm.java,umd.cs.shop.JSTerm,org.pitest.mutationtest.engine.gregor.mutators.ReturnValsMutator,isGround,570,KILLED,umd.cs.shop.JSTerm_ESTest.test12
JSTerm.java,umd.cs.shop.JSTerm,org.pitest.mutationtest.engine.gregor.mutators.BooleanFalseReturnValsMutator,isVariable,483,KILLED,umd.cs.shop.JSTerm_ESTest.test39
JSTerm.java,umd.cs.shop.JSTerm,org.pitest.mutationtest.engine.gregor.mutators.BooleanTrueReturnValsMutator,isVariable,483,KILLED,umd.cs.shop.JSTerm_ESTest.test20
JSTerm.java,umd.cs.shop.JSTerm,org.pitest.mutationtest.engine.gregor.mutators.ReturnValsMutator,isVariable,483,KILLED,umd.cs.shop.JSTerm_ESTest.test20
JSTerm.java,umd.cs.shop.JSTerm,org.pitest.mutationtest.engine.gregor.mutators.InlineConstantMutator,makeConstant,517,KILLED,umd.cs.shop.JSTerm_ESTest.test10
JSTerm.java,umd.cs.shop.JSTerm,org.pitest.mutationtest.engine.gregor.mutators.InlineConstantMutator,makeConstant,518,KILLED,umd.cs.shop.JSTerm_ESTest.test10
JSTerm.java,umd.cs.shop.JSTerm,org.pitest.mutationtest.engine.gregor.mutators.InlineConstantMutator,makeConstant,519,KILLED,umd.cs.shop.JSTerm_ESTest.test10
JSTerm.java,umd.cs.shop.JSTerm,org.pitest.mutationtest.engine.gregor.mutators.experimental.MemberVariableMutator,makeConstant,517,SURVIVED,none
JSTerm.java,umd.cs.shop.JSTerm,org.pitest.mutationtest.engine.gregor.mutators.experimental.MemberVariableMutator,makeConstant,518,KILLED,umd.cs.shop.JSTerm_ESTest.test10
JSTerm.java,umd.cs.shop.JSTerm,org.pitest.mutationtest.engine.gregor.mutators.experimental.MemberVariableMutator,makeConstant,519,SURVIVED,none
JSTerm.java,umd.cs.shop.JSTerm,org.pitest.mutationtest.engine.gregor.mutators.experimental.MemberVariableMutator,makeEval,524,SURVIVED,none
JSTerm.java,umd.cs.shop.JSTerm,org.pitest.mutationtest.engine.gregor.mutators.InlineConstantMutator,makeFunction,503,KILLED,umd.cs.shop.JSTerm_ESTest.test14
JSTerm.java,umd.cs.shop.JSTerm,org.pitest.mutationtest.engine.gregor.mutators.InlineConstantMutator,makeFunction,504,KILLED,umd.cs.shop.JSTerm_ESTest.test24
JSTerm.java,umd.cs.shop.JSTerm,org.pitest.mutationtest.engine.gregor.mutators.InlineConstantMutator,makeFunction,505,KILLED,umd.cs.shop.JSTerm_ESTest.test24
JSTerm.java,umd.cs.shop.JSTerm,org.pitest.mutationtest.engine.gregor.mutators.experimental.MemberVariableMutator,makeFunction,503,SURVIVED,none
JSTerm.java,umd.cs.shop.JSTerm,org.pitest.mutationtest.engine.gregor.mutators.experimental.MemberVariableMutator,makeFunction,504,SURVIVED,none
JSTerm.java,umd.cs.shop.JSTerm,org.pitest.mutationtest.engine.gregor.mutators.experimental.MemberVariableMutator,makeFunction,505,KILLED,umd.cs.shop.JSTerm_ESTest.test24
JSTerm.java,umd.cs.shop.JSTerm,org.pitest.mutationtest.engine.gregor.mutators.InlineConstantMutator,makeVariable,510,KILLED,umd.cs.shop.JSTerm_ESTest.test39
JSTerm.java,umd.cs.shop.JSTerm,org.pitest.mutationtest.engine.gregor.mutators.InlineConstantMutator,makeVariable,511,KILLED,umd.cs.shop.JSTerm_ESTest.test11
JSTerm.java,umd.cs.shop.JSTerm,org.pitest.mutationtest.engine.gregor.mutators.InlineConstantMutator,makeVariable,512,SURVIVED,none
JSTerm.java,umd.cs.shop.JSTerm,org.pitest.mutationtest.engine.gregor.mutators.experimental.MemberVariableMutator,makeVariable,510,KILLED,umd.cs.shop.JSTerm_ESTest.test39
JSTerm.java,umd.cs.shop.JSTerm,org.pitest.mutationtest.engine.gregor.mutators.experimental.MemberVariableMutator,makeVariable,511,KILLED,umd.cs.shop.JSTerm_ESTest.test21
JSTerm.java,umd.cs.shop.JSTerm,org.pitest.mutationtest.engine.gregor.mutators.experimental.MemberVariableMutator,makeVariable,512,SURVIVED,none
JSTerm.java,umd.cs.shop.JSTerm,org.pitest.mutationtest.engine.gregor.mutators.ArgumentPropagationMutator,matches,356,KILLED,umd.cs.shop.JSTerm_ESTest.test24
JSTerm.java,umd.cs.shop.JSTerm,org.pitest.mutationtest.engine.gregor.mutators.ConstructorCallMutator,matches,356,KILLED,umd.cs.shop.JSTerm_ESTest.test23
JSTerm.java,umd.cs.shop.JSTerm,org.pitest.mutationtest.engine.gregor.mutators.NonVoidMethodCallMutator,matches,356,KILLED,umd.cs.shop.JSTerm_ESTest.test24
JSTerm.java,umd.cs.shop.JSTerm,org.pitest.mutationtest.engine.gregor.mutators.NullReturnValsMutator,matches,356,KILLED,umd.cs.shop.JSTerm_ESTest.test24
JSTerm.java,umd.cs.shop.JSTerm,org.pitest.mutationtest.engine.gregor.mutators.ReturnValsMutator,matches,356,KILLED,umd.cs.shop.JSTerm_ESTest.test24
JSTerm.java,umd.cs.shop.JSTerm,org.pitest.mutationtest.engine.gregor.mutators.ArgumentPropagationMutator,matches,367,KILLED,umd.cs.shop.JSTerm_ESTest.test28
JSTerm.java,umd.cs.shop.JSTerm,org.pitest.mutationtest.engine.gregor.mutators.ArgumentPropagationMutator,matches,377,SURVIVED,none
JSTerm.java,umd.cs.shop.JSTerm,org.pitest.mutationtest.engine.gregor.mutators.ArgumentPropagationMutator,matches,380,NO_COVERAGE,none
JSTerm.java,umd.cs.shop.JSTerm,org.pitest.mutationtest.engine.gregor.mutators.ArgumentPropagationMutator,matches,413,NO_COVERAGE,none
JSTerm.java,umd.cs.shop.JSTerm,org.pitest.mutationtest.engine.gregor.mutators.ConditionalsBoundaryMutator,matches,409,KILLED,umd.cs.shop.JSTerm_ESTest.test23
JSTerm.java,umd.cs.shop.JSTerm,org.pitest.mutationtest.engine.gregor.mutators.ConstructorCallMutator,matches,363,KILLED,umd.cs.shop.JSTerm_ESTest.test29
JSTerm.java,umd.cs.shop.JSTerm,org.pitest.mutationtest.engine.gregor.mutators.ConstructorCallMutator,matches,382,KILLED,umd.cs.shop.JSTerm_ESTest.test26
JSTerm.java,umd.cs.shop.JSTerm,org.pitest.mutationtest.engine.gregor.mutators.ConstructorCallMutator,matches,406,SURVIVED,none
JSTerm.java,umd.cs.shop.JSTerm,org.pitest.mutationtest.engine.gregor.mutators.InlineConstantMutator,matches,399,KILLED,umd.cs.shop.JSTerm_ESTest.test24
JSTerm.java,umd.cs.shop.JSTerm,org.pitest.mutationtest.engine.gregor.mutators.InlineConstantMutator,matches,400,KILLED,umd.cs.shop.JSTerm_ESTest.test24
JSTerm.java,umd.cs.shop.JSTerm,org.pitest.mutationtest.engine.gregor.mutators.InlineConstantMutator,matches,409,KILLED,umd.cs.shop.JSTerm_ESTest.test23
JSTerm.java,umd.cs.shop.JSTerm,org.pitest.mutationtest.engine.gregor.mutators.InlineConstantMutator,matches,409,TIMED_OUT,none
JSTerm.java,umd.cs.shop.JSTerm,org.pitest.mutationtest.engine.gregor.mutators.MathMutator,matches,409,KILLED,umd.cs.shop.JSTerm_ESTest.test23
JSTerm.java,umd.cs.shop.JSTerm,org.pitest.mutationtest.engine.gregor.mutators.NegateConditionalsMutator,matches,365,KILLED,umd.cs.shop.JSTerm_ESTest.test29
JSTerm.java,umd.cs.shop.JSTerm,org.pitest.mutationtest.engine.gregor.mutators.NegateConditionalsMutator,matches,366,KILLED,umd.cs.shop.JSTerm_ESTest.test29
JSTerm.java,umd.cs.shop.JSTerm,org.pitest.mutationtest.engine.gregor.mutators.NegateConditionalsMutator,matches,369,KILLED,umd.cs.shop.JSTerm_ESTest.test29
JSTerm.java,umd.cs.shop.JSTerm,org.pitest.mutationtest.engine.gregor.mutators.NegateConditionalsMutator,matches,376,KILLED,umd.cs.shop.JSTerm_ESTest.test24
JSTerm.java,umd.cs.shop.JSTerm,org.pitest.mutationtest.engine.gregor.mutators.NegateConditionalsMutator,matches,378,KILLED,umd.cs.shop.JSTerm_ESTest.test26
JSTerm.java,umd.cs.shop.JSTerm,org.pitest.mutationtest.engine.gregor.mutators.NegateConditionalsMutator,matches,386,KILLED,umd.cs.shop.JSTerm_ESTest.test24
JSTerm.java,umd.cs.shop.JSTerm,org.pitest.mutationtest.engine.gregor.mutators.NegateConditionalsMutator,matches,390,KILLED,umd.cs.shop.JSTerm_ESTest.test23
JSTerm.java,umd.cs.shop.JSTerm,org.pitest.mutationtest.engine.gregor.mutators.NegateConditionalsMutator,matches,394,KILLED,umd.cs.shop.JSTerm_ESTest.test25
JSTerm.java,umd.cs.shop.JSTerm,org.pitest.mutationtest.engine.gregor.mutators.NegateConditionalsMutator,matches,400,KILLED,umd.cs.shop.JSTerm_ESTest.test24
JSTerm.java,umd.cs.shop.JSTerm,org.pitest.mutationtest.engine.gregor.mutators.NegateConditionalsMutator,matches,409,SURVIVED,none
JSTerm.java,umd.cs.shop.JSTerm,org.pitest.mutationtest.engine.gregor.mutators.NegateConditionalsMutator,matches,412,KILLED,umd.cs.shop.JSTerm_ESTest.test23
JSTerm.java,umd.cs.shop.JSTerm,org.pitest.mutationtest.engine.gregor.mutators.NegateConditionalsMutator,matches,414,NO_COVERAGE,none
JSTerm.java,umd.cs.shop.JSTerm,org.pitest.mutationtest.engine.gregor.mutators.NonVoidMethodCallMutator,matches,365,KILLED,umd.cs.shop.JSTerm_ESTest.test29
JSTerm.java,umd.cs.shop.JSTerm,org.pitest.mutationtest.engine.gregor.mutators.NonVoidMethodCallMutator,matches,366,KILLED,umd.cs.shop.JSTerm_ESTest.test29
JSTerm.java,umd.cs.shop.JSTerm,org.pitest.mutationtest.engine.gregor.mutators.NonVoidMethodCallMutator,matches,367,KILLED,umd.cs.shop.JSTerm_ESTest.test28
JSTerm.java,umd.cs.shop.JSTerm,org.pitest.mutationtest.engine.gregor.mutators.NonVoidMethodCallMutator,matches,369,KILLED,umd.cs.shop.JSTerm_ESTest.test29
JSTerm.java,umd.cs.shop.JSTerm,org.pitest.mutationtest.engine.gregor.mutators.NonVoidMethodCallMutator,matches,376,KILLED,umd.cs.shop.JSTerm_ESTest.test26
JSTerm.java,umd.cs.shop.JSTerm,org.pitest.mutationtest.engine.gregor.mutators.NonVoidMethodCallMutator,matches,377,KILLED,umd.cs.shop.JSTerm_ESTest.test26
JSTerm.java,umd.cs.shop.JSTerm,org.pitest.mutationtest.engine.gregor.mutators.NonVoidMethodCallMutator,matches,378,KILLED,umd.cs.shop.JSTerm_ESTest.test26
JSTerm.java,umd.cs.shop.JSTerm,org.pitest.mutationtest.engine.gregor.mutators.NonVoidMethodCallMutator,matches,380,NO_COVERAGE,none
JSTerm.java,umd.cs.shop.JSTerm,org.pitest.mutationtest.engine.gregor.mutators.NonVoidMethodCallMutator,matches,387,KILLED,umd.cs.shop.JSTerm_ESTest.test26
JSTerm.java,umd.cs.shop.JSTerm,org.pitest.mutationtest.engine.gregor.mutators.NonVoidMethodCallMutator,matches,390,KILLED,umd.cs.shop.JSTerm_ESTest.test23
JSTerm.java,umd.cs.shop.JSTerm,org.pitest.mutationtest.engine.gregor.mutators.NonVoidMethodCallMutator,matches,394,KILLED,umd.cs.shop.JSTerm_ESTest.test23
JSTerm.java,umd.cs.shop.JSTerm,org.pitest.mutationtest.engine.gregor.mutators.NonVoidMethodCallMutator,matches,394,KILLED,umd.cs.shop.JSTerm_ESTest.test23
JSTerm.java,umd.cs.shop.JSTerm,org.pitest.mutationtest.engine.gregor.mutators.NonVoidMethodCallMutator,matches,399,KILLED,umd.cs.shop.JSTerm_ESTest.test24
JSTerm.java,umd.cs.shop.JSTerm,org.pitest.mutationtest.engine.gregor.mutators.NonVoidMethodCallMutator,matches,400,KILLED,umd.cs.shop.JSTerm_ESTest.test23
JSTerm.java,umd.cs.shop.JSTerm,org.pitest.mutationtest.engine.gregor.mutators.NonVoidMethodCallMutator,matches,400,KILLED,umd.cs.shop.JSTerm_ESTest.test23
JSTerm.java,umd.cs.shop.JSTerm,org.pitest.mutationtest.engine.gregor.mutators.NonVoidMethodCallMutator,matches,407,SURVIVED,none
JSTerm.java,umd.cs.shop.JSTerm,org.pitest.mutationtest.engine.gregor.mutators.NonVoidMethodCallMutator,matches,409,SURVIVED,none
JSTerm.java,umd.cs.shop.JSTerm,org.pitest.mutationtest.engine.gregor.mutators.NonVoidMethodCallMutator,matches,411,KILLED,umd.cs.shop.JSTerm_ESTest.test23
JSTerm.java,umd.cs.shop.JSTerm,org.pitest.mutationtest.engine.gregor.mutators.NonVoidMethodCallMutator,matches,412,KILLED,umd.cs.shop.JSTerm_ESTest.test23
JSTerm.java,umd.cs.shop.JSTerm,org.pitest.mutationtest.engine.gregor.mutators.NonVoidMethodCallMutator,matches,412,KILLED,umd.cs.shop.JSTerm_ESTest.test23
JSTerm.java,umd.cs.shop.JSTerm,org.pitest.mutationtest.engine.gregor.mutators.NonVoidMethodCallMutator,matches,413,NO_COVERAGE,none
JSTerm.java,umd.cs.shop.JSTerm,org.pitest.mutationtest.engine.gregor.mutators.NonVoidMethodCallMutator,matches,413,NO_COVERAGE,none
JSTerm.java,umd.cs.shop.JSTerm,org.pitest.mutationtest.engine.gregor.mutators.NonVoidMethodCallMutator,matches,414,NO_COVERAGE,none
JSTerm.java,umd.cs.shop.JSTerm,org.pitest.mutationtest.engine.gregor.mutators.NullReturnValsMutator,matches,367,KILLED,umd.cs.shop.JSTerm_ESTest.test28
JSTerm.java,umd.cs.shop.JSTerm,org.pitest.mutationtest.engine.gregor.mutators.NullReturnValsMutator,matches,373,KILLED,umd.cs.shop.JSTerm_ESTest.test29
JSTerm.java,umd.cs.shop.JSTerm,org.pitest.mutationtest.engine.gregor.mutators.NullReturnValsMutator,matches,380,NO_COVERAGE,none
JSTerm.java,umd.cs.shop.JSTerm,org.pitest.mutationtest.engine.gregor.mutators.NullReturnValsMutator,matches,383,KILLED,umd.cs.shop.JSTerm_ESTest.test26
JSTerm.java,umd.cs.shop.JSTerm,org.pitest.mutationtest.engine.gregor.mutators.NullReturnValsMutator,matches,387,KILLED,umd.cs.shop.JSTerm_ESTest.test26
JSTerm.java,umd.cs.shop.JSTerm,org.pitest.mutationtest.engine.gregor.mutators.NullReturnValsMutator,matches,392,KILLED,umd.cs.shop.JSTerm_ESTest.test28
JSTerm.java,umd.cs.shop.JSTerm,org.pitest.mutationtest.engine.gregor.mutators.NullReturnValsMutator,matches,397,KILLED,umd.cs.shop.JSTerm_ESTest.test01
JSTerm.java,umd.cs.shop.JSTerm,org.pitest.mutationtest.engine.gregor.mutators.NullReturnValsMutator,matches,403,KILLED,umd.cs.shop.JSTerm_ESTest.test24
JSTerm.java,umd.cs.shop.JSTerm,org.pitest.mutationtest.engine.gregor.mutators.NullReturnValsMutator,matches,417,NO_COVERAGE,none
JSTerm.java,umd.cs.shop.JSTerm,org.pitest.mutationtest.engine.gregor.mutators.NullReturnValsMutator,matches,423,KILLED,umd.cs.shop.JSTerm_ESTest.test23
JSTerm.java,umd.cs.shop.JSTerm,org.pitest.mutationtest.engine.gregor.mutators.RemoveConditionalMutator_EQUAL_ELSE,matches,365,KILLED,umd.cs.shop.JSTerm_ESTest.test29
JSTerm.java,umd.cs.shop.JSTerm,org.pitest.mutationtest.engine.gregor.mutators.RemoveConditionalMutator_EQUAL_ELSE,matches,366,SURVIVED,none
JSTerm.java,umd.cs.shop.JSTerm,org.pitest.mutationtest.engine.gregor.mutators.RemoveConditionalMutator_EQUAL_ELSE,matches,369,KILLED,umd.cs.shop.JSTerm_ESTest.test27
JSTerm.java,umd.cs.shop.JSTerm,org.pitest.mutationtest.engine.gregor.mutators.RemoveConditionalMutator_EQUAL_ELSE,matches,376,KILLED,umd.cs.shop.JSTerm_ESTest.test26
JSTerm.java,umd.cs.shop.JSTerm,org.pitest.mutationtest.engine.gregor.mutators.RemoveConditionalMutator_EQUAL_ELSE,matches,378,SURVIVED,none
JSTerm.java,umd.cs.shop.JSTerm,org.pitest.mutationtest.engine.gregor.mutators.RemoveConditionalMutator_EQUAL_ELSE,matches,386,KILLED,umd.cs.shop.JSTerm_ESTest.test26
JSTerm.java,umd.cs.shop.JSTerm,org.pitest.mutationtest.engine.gregor.mutators.RemoveConditionalMutator_EQUAL_ELSE,matches,390,SURVIVED,none
JSTerm.java,umd.cs.shop.JSTerm,org.pitest.mutationtest.engine.gregor.mutators.RemoveConditionalMutator_EQUAL_ELSE,matches,394,KILLED,umd.cs.shop.JSTerm_ESTest.test25
JSTerm.java,umd.cs.shop.JSTerm,org.pitest.mutationtest.engine.gregor.mutators.RemoveConditionalMutator_EQUAL_ELSE,matches,400,KILLED,umd.cs.shop.JSTerm_ESTest.test24
JSTerm.java,umd.cs.shop.JSTerm,org.pitest.mutationtest.engine.gregor.mutators.RemoveConditionalMutator_EQUAL_ELSE,matches,412,SURVIVED,none
JSTerm.java,umd.cs.shop.JSTerm,org.pitest.mutationtest.engine.gregor.mutators.RemoveConditionalMutator_EQUAL_ELSE,matches,414,NO_COVERAGE,none
JSTerm.java,umd.cs.shop.JSTerm,org.pitest.mutationtest.engine.gregor.mutators.RemoveConditionalMutator_EQUAL_IF,matches,365,KILLED,umd.cs.shop.JSTerm_ESTest.test24
JSTerm.java,umd.cs.shop.JSTerm,org.pitest.mutationtest.engine.gregor.mutators.RemoveConditionalMutator_EQUAL_IF,matches,366,KILLED,umd.cs.shop.JSTerm_ESTest.test29
JSTerm.java,umd.cs.shop.JSTerm,org.pitest.mutationtest.engine.gregor.mutators.RemoveConditionalMutator_EQUAL_IF,matches,369,KILLED,umd.cs.shop.JSTerm_ESTest.test29
JSTerm.java,umd.cs.shop.JSTerm,org.pitest.mutationtest.engine.gregor.mutators.RemoveConditionalMutator_EQUAL_IF,matches,376,KILLED,umd.cs.shop.JSTerm_ESTest.test24
JSTerm.java,umd.cs.shop.JSTerm,org.pitest.mutationtest.engine.gregor.mutators.RemoveConditionalMutator_EQUAL_IF,matches,378,KILLED,umd.cs.shop.JSTerm_ESTest.test26
JSTerm.java,umd.cs.shop.JSTerm,org.pitest.mutationtest.engine.gregor.mutators.RemoveConditionalMutator_EQUAL_IF,matches,386,KILLED,umd.cs.shop.JSTerm_ESTest.test24
JSTerm.java,umd.cs.shop.JSTerm,org.pitest.mutationtest.engine.gregor.mutators.RemoveConditionalMutator_EQUAL_IF,matches,390,KILLED,umd.cs.shop.JSTerm_ESTest.test23
JSTerm.java,umd.cs.shop.JSTerm,org.pitest.mutationtest.engine.gregor.mutators.RemoveConditionalMutator_EQUAL_IF,matches,394,KILLED,umd.cs.shop.JSTerm_ESTest.test23
JSTerm.java,umd.cs.shop.JSTerm,org.pitest.mutationtest.engine.gregor.mutators.RemoveConditionalMutator_EQUAL_IF,matches,400,KILLED,umd.cs.shop.JSTerm_ESTest.test23
JSTerm.java,umd.cs.shop.JSTerm,org.pitest.mutationtest.engine.gregor.mutators.RemoveConditionalMutator_EQUAL_IF,matches,412,KILLED,umd.cs.shop.JSTerm_ESTest.test23
JSTerm.java,umd.cs.shop.JSTerm,org.pitest.mutationtest.engine.gregor.mutators.RemoveConditionalMutator_EQUAL_IF,matches,414,NO_COVERAGE,none
JSTerm.java,umd.cs.shop.JSTerm,org.pitest.mutationtest.engine.gregor.mutators.RemoveConditionalMutator_ORDER_ELSE,matches,409,SURVIVED,none
JSTerm.java,umd.cs.shop.JSTerm,org.pitest.mutationtest.engine.gregor.mutators.RemoveConditionalMutator_ORDER_IF,matches,409,KILLED,umd.cs.shop.JSTerm_ESTest.test23
JSTerm.java,umd.cs.shop.JSTerm,org.pitest.mutationtest.engine.gregor.mutators.ReturnValsMutator,matches,367,KILLED,umd.cs.shop.JSTerm_ESTest.test28
JSTerm.java,umd.cs.shop.JSTerm,org.pitest.mutationtest.engine.gregor.mutators.ReturnValsMutator,matches,373,KILLED,umd.cs.shop.JSTerm_ESTest.test29
JSTerm.java,umd.cs.shop.JSTerm,org.pitest.mutationtest.engine.gregor.mutators.ReturnValsMutator,matches,380,NO_COVERAGE,none
JSTerm.java,umd.cs.shop.JSTerm,org.pitest.mutationtest.engine.gregor.mutators.ReturnValsMutator,matches,383,KILLED,umd.cs.shop.JSTerm_ESTest.test26
JSTerm.java,umd.cs.shop.JSTerm,org.pitest.mutationtest.engine.gregor.mutators.ReturnValsMutator,matches,387,KILLED,umd.cs.shop.JSTerm_ESTest.test26
JSTerm.java,umd.cs.shop.JSTerm,org.pitest.mutationtest.engine.gregor.mutators.ReturnValsMutator,matches,392,KILLED,umd.cs.shop.JSTerm_ESTest.test28
JSTerm.java,umd.cs.shop.JSTerm,org.pitest.mutationtest.engine.gregor.mutators.ReturnValsMutator,matches,397,KILLED,umd.cs.shop.JSTerm_ESTest.test01
JSTerm.java,umd.cs.shop.JSTerm,org.pitest.mutationtest.engine.gregor.mutators.ReturnValsMutator,matches,403,KILLED,umd.cs.shop.JSTerm_ESTest.test24
JSTerm.java,umd.cs.shop.JSTerm,org.pitest.mutationtest.engine.gregor.mutators.ReturnValsMutator,matches,417,NO_COVERAGE,none
JSTerm.java,umd.cs.shop.JSTerm,org.pitest.mutationtest.engine.gregor.mutators.ReturnValsMutator,matches,423,KILLED,umd.cs.shop.JSTerm_ESTest.test23
JSTerm.java,umd.cs.shop.JSTerm,org.pitest.mutationtest.engine.gregor.mutators.VoidMethodCallMutator,matches,371,KILLED,umd.cs.shop.JSTerm_ESTest.test27
JSTerm.java,umd.cs.shop.JSTerm,org.pitest.mutationtest.engine.gregor.mutators.VoidMethodCallMutator,matches,382,KILLED,umd.cs.shop.JSTerm_ESTest.test26
JSTerm.java,umd.cs.shop.JSTerm,org.pitest.mutationtest.engine.gregor.mutators.VoidMethodCallMutator,matches,391,KILLED,umd.cs.shop.JSTerm_ESTest.test28
JSTerm.java,umd.cs.shop.JSTerm,org.pitest.mutationtest.engine.gregor.mutators.VoidMethodCallMutator,matches,396,KILLED,umd.cs.shop.JSTerm_ESTest.test01
JSTerm.java,umd.cs.shop.JSTerm,org.pitest.mutationtest.engine.gregor.mutators.VoidMethodCallMutator,matches,402,KILLED,umd.cs.shop.JSTerm_ESTest.test24
JSTerm.java,umd.cs.shop.JSTerm,org.pitest.mutationtest.engine.gregor.mutators.VoidMethodCallMutator,matches,416,NO_COVERAGE,none
JSTerm.java,umd.cs.shop.JSTerm,org.pitest.mutationtest.engine.gregor.mutators.VoidMethodCallMutator,matches,419,NO_COVERAGE,none
JSTerm.java,umd.cs.shop.JSTerm,org.pitest.mutationtest.engine.gregor.mutators.VoidMethodCallMutator,matches,420,NO_COVERAGE,none
JSTerm.java,umd.cs.shop.JSTerm,org.pitest.mutationtest.engine.gregor.mutators.ConstructorCallMutator,parseList,192,KILLED,umd.cs.shop.JSTerm_ESTest.test34
JSTerm.java,umd.cs.shop.JSTerm,org.pitest.mutationtest.engine.gregor.mutators.ConstructorCallMutator,parseList,196,KILLED,umd.cs.shop.JSTerm_ESTest.test34
JSTerm.java,umd.cs.shop.JSTerm,org.pitest.mutationtest.engine.gregor.mutators.ConstructorCallMutator,parseList,207,SURVIVED,none
JSTerm.java,umd.cs.shop.JSTerm,org.pitest.mutationtest.engine.gregor.mutators.ConstructorCallMutator,parseList,209,NO_COVERAGE,none
JSTerm.java,umd.cs.shop.JSTerm,org.pitest.mutationtest.engine.gregor.mutators.ConstructorCallMutator,parseList,214,NO_COVERAGE,none
JSTerm.java,umd.cs.shop.JSTerm,org.pitest.mutationtest.engine.gregor.mutators.ConstructorCallMutator,parseList,225,KILLED,umd.cs.shop.JSTerm_ESTest.test34
JSTerm.java,umd.cs.shop.JSTerm,org.pitest.mutationtest.engine.gregor.mutators.InlineConstantMutator,parseList,210,NO_COVERAGE,none
JSTerm.java,umd.cs.shop.JSTerm,org.pitest.mutationtest.engine.gregor.mutators.InlineConstantMutator,parseList,210,NO_COVERAGE,none
JSTerm.java,umd.cs.shop.JSTerm,org.pitest.mutationtest.engine.gregor.mutators.NegateConditionalsMutator,parseList,195,KILLED,umd.cs.shop.JSTerm_ESTest.test33
JSTerm.java,umd.cs.shop.JSTerm,org.pitest.mutationtest.engine.gregor.mutators.NegateConditionalsMutator,parseList,198,KILLED,umd.cs.shop.JSTerm_ESTest.test34
JSTerm.java,umd.cs.shop.JSTerm,org.pitest.mutationtest.engine.gregor.mutators.NegateConditionalsMutator,parseList,205,KILLED,umd.cs.shop.JSTerm_ESTest.test33
JSTerm.java,umd.cs.shop.JSTerm,org.pitest.mutationtest.engine.gregor.mutators.NegateConditionalsMutator,parseList,208,SURVIVED,none
JSTerm.java,umd.cs.shop.JSTerm,org.pitest.mutationtest.engine.gregor.mutators.NegateConditionalsMutator,parseList,210,NO_COVERAGE,none
JSTerm.java,umd.cs.shop.JSTerm,org.pitest.mutationtest.engine.gregor.mutators.NegateConditionalsMutator,parseList,210,NO_COVERAGE,none
JSTerm.java,umd.cs.shop.JSTerm,org.pitest.mutationtest.engine.gregor.mutators.NegateConditionalsMutator,parseList,210,NO_COVERAGE,none
JSTerm.java,umd.cs.shop.JSTerm,org.pitest.mutationtest.engine.gregor.mutators.NonVoidMethodCallMutator,parseList,195,KILLED,umd.cs.shop.JSTerm_ESTest.test33
JSTerm.java,umd.cs.shop.JSTerm,org.pitest.mutationtest.engine.gregor.mutators.NonVoidMethodCallMutator,parseList,208,SURVIVED,none
JSTerm.java,umd.cs.shop.JSTerm,org.pitest.mutationtest.engine.gregor.mutators.NonVoidMethodCallMutator,parseList,210,NO_COVERAGE,none
JSTerm.java,umd.cs.shop.JSTerm,org.pitest.mutationtest.engine.gregor.mutators.NonVoidMethodCallMutator,parseList,210,NO_COVERAGE,none
JSTerm.java,umd.cs.shop.JSTerm,org.pitest.mutationtest.engine.gregor.mutators.NonVoidMethodCallMutator,parseList,210,NO_COVERAGE,none
JSTerm.java,umd.cs.shop.JSTerm,org.pitest.mutationtest.engine.gregor.mutators.NonVoidMethodCallMutator,parseList,210,NO_COVERAGE,none
JSTerm.java,umd.cs.shop.JSTerm,org.pitest.mutationtest.engine.gregor.mutators.NonVoidMethodCallMutator,parseList,226,KILLED,umd.cs.shop.JSTerm_ESTest.test34
JSTerm.java,umd.cs.shop.JSTerm,org.pitest.mutationtest.engine.gregor.mutators.NullReturnValsMutator,parseList,201,SURVIVED,none
JSTerm.java,umd.cs.shop.JSTerm,org.pitest.mutationtest.engine.gregor.mutators.NullReturnValsMutator,parseList,211,NO_COVERAGE,none
JSTerm.java,umd.cs.shop.JSTerm,org.pitest.mutationtest.engine.gregor.mutators.NullReturnValsMutator,parseList,218,NO_COVERAGE,none
JSTerm.java,umd.cs.shop.JSTerm,org.pitest.mutationtest.engine.gregor.mutators.NullReturnValsMutator,parseList,227,KILLED,umd.cs.shop.JSTerm_ESTest.test33
JSTerm.java,umd.cs.shop.JSTerm,org.pitest.mutationtest.engine.gregor.mutators.RemoveConditionalMutator_EQUAL_ELSE,parseList,195,SURVIVED,none
JSTerm.java,umd.cs.shop.JSTerm,org.pitest.mutationtest.engine.gregor.mutators.RemoveConditionalMutator_EQUAL_ELSE,parseList,198,KILLED,umd.cs.shop.JSTerm_ESTest.test33
JSTerm.java,umd.cs.shop.JSTerm,org.pitest.mutationtest.engine.gregor.mutators.RemoveConditionalMutator_EQUAL_ELSE,parseList,205,SURVIVED,none
JSTerm.java,umd.cs.shop.JSTerm,org.pitest.mutationtest.engine.gregor.mutators.RemoveConditionalMutator_EQUAL_ELSE,parseList,208,SURVIVED,none
JSTerm.java,umd.cs.shop.JSTerm,org.pitest.mutationtest.engine.gregor.mutators.RemoveConditionalMutator_EQUAL_ELSE,parseList,210,NO_COVERAGE,none
JSTerm.java,umd.cs.shop.JSTerm,org.pitest.mutationtest.engine.gregor.mutators.RemoveConditionalMutator_EQUAL_ELSE,parseList,210,NO_COVERAGE,none
JSTerm.java,umd.cs.shop.JSTerm,org.pitest.mutationtest.engine.gregor.mutators.RemoveConditionalMutator_EQUAL_ELSE,parseList,210,NO_COVERAGE,none
JSTerm.java,umd.cs.shop.JSTerm,org.pitest.mutationtest.engine.gregor.mutators.RemoveConditionalMutator_EQUAL_IF,parseList,195,KILLED,umd.cs.shop.JSTerm_ESTest.test33
JSTerm.java,umd.cs.shop.JSTerm,org.pitest.mutationtest.engine.gregor.mutators.RemoveConditionalMutator_EQUAL_IF,parseList,198,KILLED,umd.cs.shop.JSTerm_ESTest.test34
JSTerm.java,umd.cs.shop.JSTerm,org.pitest.mutationtest.engine.gregor.mutators.RemoveConditionalMutator_EQUAL_IF,parseList,205,KILLED,umd.cs.shop.JSTerm_ESTest.test33
JSTerm.java,umd.cs.shop.JSTerm,org.pitest.mutationtest.engine.gregor.mutators.RemoveConditionalMutator_EQUAL_IF,parseList,208,SURVIVED,none
JSTerm.java,umd.cs.shop.JSTerm,org.pitest.mutationtest.engine.gregor.mutators.RemoveConditionalMutator_EQUAL_IF,parseList,210,NO_COVERAGE,none
JSTerm.java,umd.cs.shop.JSTerm,org.pitest.mutationtest.engine.gregor.mutators.RemoveConditionalMutator_EQUAL_IF,parseList,210,NO_COVERAGE,none
JSTerm.java,umd.cs.shop.JSTerm,org.pitest.mutationtest.engine.gregor.mutators.RemoveConditionalMutator_EQUAL_IF,parseList,210,NO_COVERAGE,none
JSTerm.java,umd.cs.shop.JSTerm,org.pitest.mutationtest.engine.gregor.mutators.ReturnValsMutator,parseList,201,SURVIVED,none
JSTerm.java,umd.cs.shop.JSTerm,org.pitest.mutationtest.engine.gregor.mutators.ReturnValsMutator,parseList,211,NO_COVERAGE,none
JSTerm.java,umd.cs.shop.JSTerm,org.pitest.mutationtest.engine.gregor.mutators.ReturnValsMutator,parseList,218,NO_COVERAGE,none
JSTerm.java,umd.cs.shop.JSTerm,org.pitest.mutationtest.engine.gregor.mutators.ReturnValsMutator,parseList,227,KILLED,umd.cs.shop.JSTerm_ESTest.test33
JSTerm.java,umd.cs.shop.JSTerm,org.pitest.mutationtest.engine.gregor.mutators.VoidMethodCallMutator,parseList,199,SURVIVED,none
JSTerm.java,umd.cs.shop.JSTerm,org.pitest.mutationtest.engine.gregor.mutators.VoidMethodCallMutator,parseList,200,SURVIVED,none
JSTerm.java,umd.cs.shop.JSTerm,org.pitest.mutationtest.engine.gregor.mutators.VoidMethodCallMutator,parseList,212,NO_COVERAGE,none
JSTerm.java,umd.cs.shop.JSTerm,org.pitest.mutationtest.engine.gregor.mutators.VoidMethodCallMutator,parseList,213,NO_COVERAGE,none
JSTerm.java,umd.cs.shop.JSTerm,org.pitest.mutationtest.engine.gregor.mutators.VoidMethodCallMutator,parseList,215,NO_COVERAGE,none
JSTerm.java,umd.cs.shop.JSTerm,org.pitest.mutationtest.engine.gregor.mutators.VoidMethodCallMutator,parseList,216,NO_COVERAGE,none
JSTerm.java,umd.cs.shop.JSTerm,org.pitest.mutationtest.engine.gregor.mutators.VoidMethodCallMutator,parseList,217,NO_COVERAGE,none
JSTerm.java,umd.cs.shop.JSTerm,org.pitest.mutationtest.engine.gregor.mutators.VoidMethodCallMutator,parseList,222,SURVIVED,none
JSTerm.java,umd.cs.shop.JSTerm,org.pitest.mutationtest.engine.gregor.mutators.VoidMethodCallMutator,parseList,223,KILLED,umd.cs.shop.JSTerm_ESTest.test33
JSTerm.java,umd.cs.shop.JSTerm,org.pitest.mutationtest.engine.gregor.mutators.VoidMethodCallMutator,parseList,224,SURVIVED,none
JSTerm.java,umd.cs.shop.JSTerm,org.pitest.mutationtest.engine.gregor.mutators.VoidMethodCallMutator,parseList,225,SURVIVED,none
JSTerm.java,umd.cs.shop.JSTerm,org.pitest.mutationtest.engine.gregor.mutators.VoidMethodCallMutator,parseList,226,SURVIVED,none
JSTerm.java,umd.cs.shop.JSTerm,org.pitest.mutationtest.engine.gregor.mutators.experimental.NakedReceiverMutator,parseList,226,KILLED,umd.cs.shop.JSTerm_ESTest.test34
JSTerm.java,umd.cs.shop.JSTerm,org.pitest.mutationtest.engine.gregor.mutators.ConditionalsBoundaryMutator,print,279,KILLED,umd.cs.shop.JSTerm_ESTest.test03
JSTerm.java,umd.cs.shop.JSTerm,org.pitest.mutationtest.engine.gregor.mutators.ConstructorCallMutator,print,262,KILLED,umd.cs.shop.JSTerm_ESTest.test30
JSTerm.java,umd.cs.shop.JSTerm,org.pitest.mutationtest.engine.gregor.mutators.ConstructorCallMutator,print,277,KILLED,umd.cs.shop.JSTerm_ESTest.test03
JSTerm.java,umd.cs.shop.JSTerm,org.pitest.mutationtest.engine.gregor.mutators.InlineConstantMutator,print,262,KILLED,umd.cs.shop.JSTerm_ESTest.test30
JSTerm.java,umd.cs.shop.JSTerm,org.pitest.mutationtest.engine.gregor.mutators.InlineConstantMutator,print,267,KILLED,umd.cs.shop.JSTerm_ESTest.test03
JSTerm.java,umd.cs.shop.JSTerm,org.pitest.mutationtest.engine.gregor.mutators.InlineConstantMutator,print,277,KILLED,umd.cs.shop.JSTerm_ESTest.test03
JSTerm.java,umd.cs.shop.JSTerm,org.pitest.mutationtest.engine.gregor.mutators.InlineConstantMutator,print,279,KILLED,umd.cs.shop.JSTerm_ESTest.test03
JSTerm.java,umd.cs.shop.JSTerm,org.pitest.mutationtest.engine.gregor.mutators.InlineConstantMutator,print,279,TIMED_OUT,none
JSTerm.java,umd.cs.shop.JSTerm,org.pitest.mutationtest.engine.gregor.mutators.MathMutator,print,279,KILLED,umd.cs.shop.JSTerm_ESTest.test03
JSTerm.java,umd.cs.shop.JSTerm,org.pitest.mutationtest.engine.gregor.mutators.NegateConditionalsMutator,print,260,KILLED,umd.cs.shop.JSTerm_ESTest.test32
JSTerm.java,umd.cs.shop.JSTerm,org.pitest.mutationtest.engine.gregor.mutators.NegateConditionalsMutator,print,260,KILLED,umd.cs.shop.JSTerm_ESTest.test32
JSTerm.java,umd.cs.shop.JSTerm,org.pitest.mutationtest.engine.gregor.mutators.NegateConditionalsMutator,print,267,KILLED,umd.cs.shop.JSTerm_ESTest.test32
JSTerm.java,umd.cs.shop.JSTerm,org.pitest.mutationtest.engine.gregor.mutators.NegateConditionalsMutator,print,274,SURVIVED,none
JSTerm.java,umd.cs.shop.JSTerm,org.pitest.mutationtest.engine.gregor.mutators.NegateConditionalsMutator,print,279,SURVIVED,none
JSTerm.java,umd.cs.shop.JSTerm,org.pitest.mutationtest.engine.gregor.mutators.NonVoidMethodCallMutator,print,262,KILLED,umd.cs.shop.JSTerm_ESTest.test31
JSTerm.java,umd.cs.shop.JSTerm,org.pitest.mutationtest.engine.gregor.mutators.NonVoidMethodCallMutator,print,262,KILLED,umd.cs.shop.JSTerm_ESTest.test30
JSTerm.java,umd.cs.shop.JSTerm,org.pitest.mutationtest.engine.gregor.mutators.NonVoidMethodCallMutator,print,262,KILLED,umd.cs.shop.JSTerm_ESTest.test30
JSTerm.java,umd.cs.shop.JSTerm,org.pitest.mutationtest.engine.gregor.mutators.NonVoidMethodCallMutator,print,262,SURVIVED,none
JSTerm.java,umd.cs.shop.JSTerm,org.pitest.mutationtest.engine.gregor.mutators.NonVoidMethodCallMutator,print,267,KILLED,umd.cs.shop.JSTerm_ESTest.test32
JSTerm.java,umd.cs.shop.JSTerm,org.pitest.mutationtest.engine.gregor.mutators.NonVoidMethodCallMutator,print,267,KILLED,umd.cs.shop.JSTerm_ESTest.test32
JSTerm.java,umd.cs.shop.JSTerm,org.pitest.mutationtest.engine.gregor.mutators.NonVoidMethodCallMutator,print,277,SURVIVED,none
JSTerm.java,umd.cs.shop.JSTerm,org.pitest.mutationtest.engine.gregor.mutators.NonVoidMethodCallMutator,print,277,KILLED,umd.cs.shop.JSTerm_ESTest.test03
JSTerm.java,umd.cs.shop.JSTerm,org.pitest.mutationtest.engine.gregor.mutators.NonVoidMethodCallMutator,print,277,KILLED,umd.cs.shop.JSTerm_ESTest.test03
JSTerm.java,umd.cs.shop.JSTerm,org.pitest.mutationtest.engine.gregor.mutators.NonVoidMethodCallMutator,print,277,SURVIVED,none
JSTerm.java,umd.cs.shop.JSTerm,org.pitest.mutationtest.engine.gregor.mutators.NonVoidMethodCallMutator,print,279,SURVIVED,none
JSTerm.java,umd.cs.shop.JSTerm,org.pitest.mutationtest.engine.gregor.mutators.NonVoidMethodCallMutator,print,281,KILLED,umd.cs.shop.JSTerm_ESTest.test03
JSTerm.java,umd.cs.shop.JSTerm,org.pitest.mutationtest.engine.gregor.mutators.RemoveConditionalMutator_EQUAL_ELSE,print,260,KILLED,umd.cs.shop.JSTerm_ESTest.test32
JSTerm.java,umd.cs.shop.JSTerm,org.pitest.mutationtest.engine.gregor.mutators.RemoveConditionalMutator_EQUAL_ELSE,print,260,SURVIVED,none
JSTerm.java,umd.cs.shop.JSTerm,org.pitest.mutationtest.engine.gregor.mutators.RemoveConditionalMutator_EQUAL_ELSE,print,267,KILLED,umd.cs.shop.JSTerm_ESTest.test32
JSTerm.java,umd.cs.shop.JSTerm,org.pitest.mutationtest.engine.gregor.mutators.RemoveConditionalMutator_EQUAL_ELSE,print,274,SURVIVED,none
JSTerm.java,umd.cs.shop.JSTerm,org.pitest.mutationtest.engine.gregor.mutators.RemoveConditionalMutator_EQUAL_IF,print,260,SURVIVED,none
JSTerm.java,umd.cs.shop.JSTerm,org.pitest.mutationtest.engine.gregor.mutators.RemoveConditionalMutator_EQUAL_IF,print,260,KILLED,umd.cs.shop.JSTerm_ESTest.test32
JSTerm.java,umd.cs.shop.JSTerm,org.pitest.mutationtest.engine.gregor.mutators.RemoveConditionalMutator_EQUAL_IF,print,267,KILLED,umd.cs.shop.JSTerm_ESTest.test03
JSTerm.java,umd.cs.shop.JSTerm,org.pitest.mutationtest.engine.gregor.mutators.RemoveConditionalMutator_EQUAL_IF,print,274,SURVIVED,none
JSTerm.java,umd.cs.shop.JSTerm,org.pitest.mutationtest.engine.gregor.mutators.RemoveConditionalMutator_ORDER_ELSE,print,279,SURVIVED,none
JSTerm.java,umd.cs.shop.JSTerm,org.pitest.mutationtest.engine.gregor.mutators.RemoveConditionalMutator_ORDER_IF,print,279,KILLED,umd.cs.shop.JSTerm_ESTest.test03
JSTerm.java,umd.cs.shop.JSTerm,org.pitest.mutationtest.engine.gregor.mutators.VoidMethodCallMutator,print,262,SURVIVED,none
JSTerm.java,umd.cs.shop.JSTerm,org.pitest.mutationtest.engine.gregor.mutators.VoidMethodCallMutator,print,266,SURVIVED,none
JSTerm.java,umd.cs.shop.JSTerm,org.pitest.mutationtest.engine.gregor.mutators.VoidMethodCallMutator,print,269,SURVIVED,none
JSTerm.java,umd.cs.shop.JSTerm,org.pitest.mutationtest.engine.gregor.mutators.VoidMethodCallMutator,print,270,KILLED,umd.cs.shop.JSTerm_ESTest.test32
JSTerm.java,umd.cs.shop.JSTerm,org.pitest.mutationtest.engine.gregor.mutators.VoidMethodCallMutator,print,275,NO_COVERAGE,none
JSTerm.java,umd.cs.shop.JSTerm,org.pitest.mutationtest.engine.gregor.mutators.VoidMethodCallMutator,print,277,SURVIVED,none
JSTerm.java,umd.cs.shop.JSTerm,org.pitest.mutationtest.engine.gregor.mutators.VoidMethodCallMutator,print,282,SURVIVED,none
JSTerm.java,umd.cs.shop.JSTerm,org.pitest.mutationtest.engine.gregor.mutators.VoidMethodCallMutator,print,284,SURVIVED,none
JSTerm.java,umd.cs.shop.JSTerm,org.pitest.mutationtest.engine.gregor.mutators.experimental.NakedReceiverMutator,print,262,SURVIVED,none
JSTerm.java,umd.cs.shop.JSTerm,org.pitest.mutationtest.engine.gregor.mutators.experimental.NakedReceiverMutator,print,262,SURVIVED,none
JSTerm.java,umd.cs.shop.JSTerm,org.pitest.mutationtest.engine.gregor.mutators.experimental.NakedReceiverMutator,print,277,SURVIVED,none
JSTerm.java,umd.cs.shop.JSTerm,org.pitest.mutationtest.engine.gregor.mutators.experimental.NakedReceiverMutator,print,277,SURVIVED,none
JSTerm.java,umd.cs.shop.JSTerm,org.pitest.mutationtest.engine.gregor.mutators.InlineConstantMutator,printList,235,SURVIVED,none
JSTerm.java,umd.cs.shop.JSTerm,org.pitest.mutationtest.engine.gregor.mutators.InlineConstantMutator,printList,248,KILLED,umd.cs.shop.JSTerm_ESTest.test32
JSTerm.java,umd.cs.shop.JSTerm,org.pitest.mutationtest.engine.gregor.mutators.InlineConstantMutator,printList,251,SURVIVED,none
JSTerm.java,umd.cs.shop.JSTerm,org.pitest.mutationtest.engine.gregor.mutators.NegateConditionalsMutator,printList,235,KILLED,umd.cs.shop.JSTerm_ESTest.test32
JSTerm.java,umd.cs.shop.JSTerm,org.pitest.mutationtest.engine.gregor.mutators.NegateConditionalsMutator,printList,240,KILLED,umd.cs.shop.JSTerm_ESTest.test32
JSTerm.java,umd.cs.shop.JSTerm,org.pitest.mutationtest.engine.gregor.mutators.NonVoidMethodCallMutator,printList,235,SURVIVED,none
JSTerm.java,umd.cs.shop.JSTerm,org.pitest.mutationtest.engine.gregor.mutators.NonVoidMethodCallMutator,printList,235,SURVIVED,none
JSTerm.java,umd.cs.shop.JSTerm,org.pitest.mutationtest.engine.gregor.mutators.NonVoidMethodCallMutator,printList,248,KILLED,umd.cs.shop.JSTerm_ESTest.test32
JSTerm.java,umd.cs.shop.JSTerm,org.pitest.mutationtest.engine.gregor.mutators.NonVoidMethodCallMutator,printList,251,SURVIVED,none
JSTerm.java,umd.cs.shop.JSTerm,org.pitest.mutationtest.engine.gregor.mutators.RemoveConditionalMutator_EQUAL_ELSE,printList,235,SURVIVED,none
JSTerm.java,umd.cs.shop.JSTerm,org.pitest.mutationtest.engine.gregor.mutators.RemoveConditionalMutator_EQUAL_ELSE,printList,240,SURVIVED,none
JSTerm.java,umd.cs.shop.JSTerm,org.pitest.mutationtest.engine.gregor.mutators.RemoveConditionalMutator_EQUAL_IF,printList,235,KILLED,umd.cs.shop.JSTerm_ESTest.test32
JSTerm.java,umd.cs.shop.JSTerm,org.pitest.mutationtest.engine.gregor.mutators.RemoveConditionalMutator_EQUAL_IF,printList,240,KILLED,umd.cs.shop.JSTerm_ESTest.test32
JSTerm.java,umd.cs.shop.JSTerm,org.pitest.mutationtest.engine.gregor.mutators.VoidMethodCallMutator,printList,237,NO_COVERAGE,none
JSTerm.java,umd.cs.shop.JSTerm,org.pitest.mutationtest.engine.gregor.mutators.VoidMethodCallMutator,printList,242,NO_COVERAGE,none
JSTerm.java,umd.cs.shop.JSTerm,org.pitest.mutationtest.engine.gregor.mutators.VoidMethodCallMutator,printList,243,NO_COVERAGE,none
JSTerm.java,umd.cs.shop.JSTerm,org.pitest.mutationtest.engine.gregor.mutators.VoidMethodCallMutator,printList,244,NO_COVERAGE,none
JSTerm.java,umd.cs.shop.JSTerm,org.pitest.mutationtest.engine.gregor.mutators.VoidMethodCallMutator,printList,249,SURVIVED,none
JSTerm.java,umd.cs.shop.JSTerm,org.pitest.mutationtest.engine.gregor.mutators.VoidMethodCallMutator,printList,250,SURVIVED,none
JSTerm.java,umd.cs.shop.JSTerm,org.pitest.mutationtest.engine.gregor.mutators.VoidMethodCallMutator,printList,252,SURVIVED,none
JSTerm.java,umd.cs.shop.JSTerm,org.pitest.mutationtest.engine.gregor.mutators.ConditionalsBoundaryMutator,standardizerTerm,592,KILLED,umd.cs.shop.JSTerm_ESTest.test14
JSTerm.java,umd.cs.shop.JSTerm,org.pitest.mutationtest.engine.gregor.mutators.ConstructorCallMutator,standardizerTerm,575,KILLED,umd.cs.shop.JSTerm_ESTest.test14
JSTerm.java,umd.cs.shop.JSTerm,org.pitest.mutationtest.engine.gregor.mutators.ConstructorCallMutator,standardizerTerm,584,KILLED,umd.cs.shop.JSTerm_ESTest.test09
JSTerm.java,umd.cs.shop.JSTerm,org.pitest.mutationtest.engine.gregor.mutators.InlineConstantMutator,standardizerTerm,578,KILLED,umd.cs.shop.JSTerm_ESTest.test10
JSTerm.java,umd.cs.shop.JSTerm,org.pitest.mutationtest.engine.gregor.mutators.InlineConstantMutator,standardizerTerm,584,KILLED,umd.cs.shop.JSTerm_ESTest.test09
JSTerm.java,umd.cs.shop.JSTerm,org.pitest.mutationtest.engine.gregor.mutators.InlineConstantMutator,standardizerTerm,589,KILLED,umd.cs.shop.JSTerm_ESTest.test14
JSTerm.java,umd.cs.shop.JSTerm,org.pitest.mutationtest.engine.gregor.mutators.InlineConstantMutator,standardizerTerm,592,KILLED,umd.cs.shop.JSTerm_ESTest.test14
JSTerm.java,umd.cs.shop.JSTerm,org.pitest.mutationtest.engine.gregor.mutators.InlineConstantMutator,standardizerTerm,592,TIMED_OUT,none
JSTerm.java,umd.cs.shop.JSTerm,org.pitest.mutationtest.engine.gregor.mutators.MathMutator,standardizerTerm,592,KILLED,umd.cs.shop.JSTerm_ESTest.test14
JSTerm.java,umd.cs.shop.JSTerm,org.pitest.mutationtest.engine.gregor.mutators.NegateConditionalsMutator,standardizerTerm,577,KILLED,umd.cs.shop.JSTerm_ESTest.test10
JSTerm.java,umd.cs.shop.JSTerm,org.pitest.mutationtest.engine.gregor.mutators.NegateConditionalsMutator,standardizerTerm,583,KILLED,umd.cs.shop.JSTerm_ESTest.test14
JSTerm.java,umd.cs.shop.JSTerm,org.pitest.mutationtest.engine.gregor.mutators.NegateConditionalsMutator,standardizerTerm,592,SURVIVED,none
JSTerm.java,umd.cs.shop.JSTerm,org.pitest.mutationtest.engine.gregor.mutators.NonVoidMethodCallMutator,standardizerTerm,577,KILLED,umd.cs.shop.JSTerm_ESTest.test10
JSTerm.java,umd.cs.shop.JSTerm,org.pitest.mutationtest.engine.gregor.mutators.NonVoidMethodCallMutator,standardizerTerm,578,KILLED,umd.cs.shop.JSTerm_ESTest.test10
JSTerm.java,umd.cs.shop.JSTerm,org.pitest.mutationtest.engine.gregor.mutators.NonVoidMethodCallMutator,standardizerTerm,583,SURVIVED,none
JSTerm.java,umd.cs.shop.JSTerm,org.pitest.mutationtest.engine.gregor.mutators.NonVoidMethodCallMutator,standardizerTerm,584,SURVIVED,none
JSTerm.java,umd.cs.shop.JSTerm,org.pitest.mutationtest.engine.gregor.mutators.NonVoidMethodCallMutator,standardizerTerm,584,KILLED,umd.cs.shop.JSTerm_ESTest.test09
JSTerm.java,umd.cs.shop.JSTerm,org.pitest.mutationtest.engine.gregor.mutators.NonVoidMethodCallMutator,standardizerTerm,584,SURVIVED,none
JSTerm.java,umd.cs.shop.JSTerm,org.pitest.mutationtest.engine.gregor.mutators.NonVoidMethodCallMutator,standardizerTerm,584,KILLED,umd.cs.shop.JSTerm_ESTest.test09
JSTerm.java,umd.cs.shop.JSTerm,org.pitest.mutationtest.engine.gregor.mutators.NonVoidMethodCallMutator,standardizerTerm,584,SURVIVED,none
JSTerm.java,umd.cs.shop.JSTerm,org.pitest.mutationtest.engine.gregor.mutators.NonVoidMethodCallMutator,standardizerTerm,589,SURVIVED,none
JSTerm.java,umd.cs.shop.JSTerm,org.pitest.mutationtest.engine.gregor.mutators.NonVoidMethodCallMutator,standardizerTerm,592,SURVIVED,none
JSTerm.java,umd.cs.shop.JSTerm,org.pitest.mutationtest.engine.gregor.mutators.NonVoidMethodCallMutator,standardizerTerm,594,KILLED,umd.cs.shop.JSTerm_ESTest.test14
JSTerm.java,umd.cs.shop.JSTerm,org.pitest.mutationtest.engine.gregor.mutators.NonVoidMethodCallMutator,standardizerTerm,595,KILLED,umd.cs.shop.JSTerm_ESTest.test14
JSTerm.java,umd.cs.shop.JSTerm,org.pitest.mutationtest.engine.gregor.mutators.NullReturnValsMutator,standardizerTerm,580,KILLED,umd.cs.shop.JSTerm_ESTest.test10
JSTerm.java,umd.cs.shop.JSTerm,org.pitest.mutationtest.engine.gregor.mutators.NullReturnValsMutator,standardizerTerm,586,SURVIVED,none
JSTerm.java,umd.cs.shop.JSTerm,org.pitest.mutationtest.engine.gregor.mutators.NullReturnValsMutator,standardizerTerm,598,KILLED,umd.cs.shop.JSTerm_ESTest.test14
JSTerm.java,umd.cs.shop.JSTerm,org.pitest.mutationtest.engine.gregor.mutators.RemoveConditionalMutator_EQUAL_ELSE,standardizerTerm,577,KILLED,umd.cs.shop.JSTerm_ESTest.test10
JSTerm.java,umd.cs.shop.JSTerm,org.pitest.mutationtest.engine.gregor.mutators.RemoveConditionalMutator_EQUAL_ELSE,standardizerTerm,583,SURVIVED,none
JSTerm.java,umd.cs.shop.JSTerm,org.pitest.mutationtest.engine.gregor.mutators.RemoveConditionalMutator_EQUAL_IF,standardizerTerm,577,SURVIVED,none
JSTerm.java,umd.cs.shop.JSTerm,org.pitest.mutationtest.engine.gregor.mutators.RemoveConditionalMutator_EQUAL_IF,standardizerTerm,583,KILLED,umd.cs.shop.JSTerm_ESTest.test14
JSTerm.java,umd.cs.shop.JSTerm,org.pitest.mutationtest.engine.gregor.mutators.RemoveConditionalMutator_ORDER_ELSE,standardizerTerm,592,SURVIVED,none
JSTerm.java,umd.cs.shop.JSTerm,org.pitest.mutationtest.engine.gregor.mutators.RemoveConditionalMutator_ORDER_IF,standardizerTerm,592,KILLED,umd.cs.shop.JSTerm_ESTest.test14
JSTerm.java,umd.cs.shop.JSTerm,org.pitest.mutationtest.engine.gregor.mutators.ReturnValsMutator,standardizerTerm,580,KILLED,umd.cs.shop.JSTerm_ESTest.test10
JSTerm.java,umd.cs.shop.JSTerm,org.pitest.mutationtest.engine.gregor.mutators.ReturnValsMutator,standardizerTerm,586,SURVIVED,none
JSTerm.java,umd.cs.shop.JSTerm,org.pitest.mutationtest.engine.gregor.mutators.ReturnValsMutator,standardizerTerm,598,KILLED,umd.cs.shop.JSTerm_ESTest.test14
JSTerm.java,umd.cs.shop.JSTerm,org.pitest.mutationtest.engine.gregor.mutators.VoidMethodCallMutator,standardizerTerm,576,SURVIVED,none
JSTerm.java,umd.cs.shop.JSTerm,org.pitest.mutationtest.engine.gregor.mutators.VoidMethodCallMutator,standardizerTerm,578,KILLED,umd.cs.shop.JSTerm_ESTest.test10
JSTerm.java,umd.cs.shop.JSTerm,org.pitest.mutationtest.engine.gregor.mutators.VoidMethodCallMutator,standardizerTerm,579,KILLED,umd.cs.shop.JSTerm_ESTest.test10
JSTerm.java,umd.cs.shop.JSTerm,org.pitest.mutationtest.engine.gregor.mutators.VoidMethodCallMutator,standardizerTerm,584,SURVIVED,none
JSTerm.java,umd.cs.shop.JSTerm,org.pitest.mutationtest.engine.gregor.mutators.VoidMethodCallMutator,standardizerTerm,585,SURVIVED,none
JSTerm.java,umd.cs.shop.JSTerm,org.pitest.mutationtest.engine.gregor.mutators.VoidMethodCallMutator,standardizerTerm,589,SURVIVED,none
JSTerm.java,umd.cs.shop.JSTerm,org.pitest.mutationtest.engine.gregor.mutators.VoidMethodCallMutator,standardizerTerm,595,SURVIVED,none
JSTerm.java,umd.cs.shop.JSTerm,org.pitest.mutationtest.engine.gregor.mutators.VoidMethodCallMutator,standardizerTerm,597,SURVIVED,none
JSTerm.java,umd.cs.shop.JSTerm,org.pitest.mutationtest.engine.gregor.mutators.experimental.NakedReceiverMutator,standardizerTerm,584,SURVIVED,none
JSTerm.java,umd.cs.shop.JSTerm,org.pitest.mutationtest.engine.gregor.mutators.experimental.NakedReceiverMutator,standardizerTerm,584,SURVIVED,none
JSTerm.java,umd.cs.shop.JSTerm,org.pitest.mutationtest.engine.gregor.mutators.experimental.NakedReceiverMutator,standardizerTerm,595,SURVIVED,none
JSTerm.java,umd.cs.shop.JSTerm,org.pitest.mutationtest.engine.gregor.mutators.ArgumentPropagationMutator,toStr,542,SURVIVED,none
JSTerm.java,umd.cs.shop.JSTerm,org.pitest.mutationtest.engine.gregor.mutators.ConditionalsBoundaryMutator,toStr,539,KILLED,umd.cs.shop.JSTerm_ESTest.test14
JSTerm.java,umd.cs.shop.JSTerm,org.pitest.mutationtest.engine.gregor.mutators.ConstructorCallMutator,toStr,528,KILLED,umd.cs.shop.JSTerm_ESTest.test14
JSTerm.java,umd.cs.shop.JSTerm,org.pitest.mutationtest.engine.gregor.mutators.ConstructorCallMutator,toStr,532,KILLED,umd.cs.shop.JSTerm_ESTest.test15
JSTerm.java,umd.cs.shop.JSTerm,org.pitest.mutationtest.engine.gregor.mutators.ConstructorCallMutator,toStr,537,KILLED,umd.cs.shop.JSTerm_ESTest.test14
JSTerm.java,umd.cs.shop.JSTerm,org.pitest.mutationtest.engine.gregor.mutators.InlineConstantMutator,toStr,532,KILLED,umd.cs.shop.JSTerm_ESTest.test15
JSTerm.java,umd.cs.shop.JSTerm,org.pitest.mutationtest.engine.gregor.mutators.InlineConstantMutator,toStr,537,KILLED,umd.cs.shop.JSTerm_ESTest.test14
JSTerm.java,umd.cs.shop.JSTerm,org.pitest.mutationtest.engine.gregor.mutators.InlineConstantMutator,toStr,539,KILLED,umd.cs.shop.JSTerm_ESTest.test14
JSTerm.java,umd.cs.shop.JSTerm,org.pitest.mutationtest.engine.gregor.mutators.InlineConstantMutator,toStr,539,TIMED_OUT,none
JSTerm.java,umd.cs.shop.JSTerm,org.pitest.mutationtest.engine.gregor.mutators.MathMutator,toStr,539,KILLED,umd.cs.shop.JSTerm_ESTest.test14
JSTerm.java,umd.cs.shop.JSTerm,org.pitest.mutationtest.engine.gregor.mutators.NegateConditionalsMutator,toStr,530,SURVIVED,none
JSTerm.java,umd.cs.shop.JSTerm,org.pitest.mutationtest.engine.gregor.mutators.NegateConditionalsMutator,toStr,530,KILLED,umd.cs.shop.JSTerm_ESTest.test15
JSTerm.java,umd.cs.shop.JSTerm,org.pitest.mutationtest.engine.gregor.mutators.NegateConditionalsMutator,toStr,539,SURVIVED,none
JSTerm.java,umd.cs.shop.JSTerm,org.pitest.mutationtest.engine.gregor.mutators.NonVoidMethodCallMutator,toStr,532,KILLED,umd.cs.shop.JSTerm_ESTest.test16
JSTerm.java,umd.cs.shop.JSTerm,org.pitest.mutationtest.engine.gregor.mutators.NonVoidMethodCallMutator,toStr,532,KILLED,umd.cs.shop.JSTerm_ESTest.test15
JSTerm.java,umd.cs.shop.JSTerm,org.pitest.mutationtest.engine.gregor.mutators.NonVoidMethodCallMutator,toStr,532,KILLED,umd.cs.shop.JSTerm_ESTest.test15
JSTerm.java,umd.cs.shop.JSTerm,org.pitest.mutationtest.engine.gregor.mutators.NonVoidMethodCallMutator,toStr,532,KILLED,umd.cs.shop.JSTerm_ESTest.test15
JSTerm.java,umd.cs.shop.JSTerm,org.pitest.mutationtest.engine.gregor.mutators.NonVoidMethodCallMutator,toStr,532,KILLED,umd.cs.shop.JSTerm_ESTest.test15
JSTerm.java,umd.cs.shop.JSTerm,org.pitest.mutationtest.engine.gregor.mutators.NonVoidMethodCallMutator,toStr,536,SURVIVED,none
JSTerm.java,umd.cs.shop.JSTerm,org.pitest.mutationtest.engine.gregor.mutators.NonVoidMethodCallMutator,toStr,537,SURVIVED,none
JSTerm.java,umd.cs.shop.JSTerm,org.pitest.mutationtest.engine.gregor.mutators.NonVoidMethodCallMutator,toStr,537,KILLED,umd.cs.shop.JSTerm_ESTest.test14
JSTerm.java,umd.cs.shop.JSTerm,org.pitest.mutationtest.engine.gregor.mutators.NonVoidMethodCallMutator,toStr,537,KILLED,umd.cs.shop.JSTerm_ESTest.test14
JSTerm.java,umd.cs.shop.JSTerm,org.pitest.mutationtest.engine.gregor.mutators.NonVoidMethodCallMutator,toStr,537,SURVIVED,none
JSTerm.java,umd.cs.shop.JSTerm,org.pitest.mutationtest.engine.gregor.mutators.NonVoidMethodCallMutator,toStr,537,SURVIVED,none
JSTerm.java,umd.cs.shop.JSTerm,org.pitest.mutationtest.engine.gregor.mutators.NonVoidMethodCallMutator,toStr,539,SURVIVED,none
JSTerm.java,umd.cs.shop.JSTerm,org.pitest.mutationtest.engine.gregor.mutators.NonVoidMethodCallMutator,toStr,541,KILLED,umd.cs.shop.JSTerm_ESTest.test14
JSTerm.java,umd.cs.shop.JSTerm,org.pitest.mutationtest.engine.gregor.mutators.NonVoidMethodCallMutator,toStr,542,SURVIVED,none
JSTerm.java,umd.cs.shop.JSTerm,org.pitest.mutationtest.engine.gregor.mutators.NonVoidMethodCallMutator,toStr,542,SURVIVED,none
JSTerm.java,umd.cs.shop.JSTerm,org.pitest.mutationtest.engine.gregor.mutators.NonVoidMethodCallMutator,toStr,544,SURVIVED,none
JSTerm.java,umd.cs.shop.JSTerm,org.pitest.mutationtest.engine.gregor.mutators.NullReturnValsMutator,toStr,548,KILLED,umd.cs.shop.JSTerm_ESTest.test15
JSTerm.java,umd.cs.shop.JSTerm,org.pitest.mutationtest.engine.gregor.mutators.RemoveConditionalMutator_EQUAL_ELSE,toStr,530,SURVIVED,none
JSTerm.java,umd.cs.shop.JSTerm,org.pitest.mutationtest.engine.gregor.mutators.RemoveConditionalMutator_EQUAL_ELSE,toStr,530,KILLED,umd.cs.shop.JSTerm_ESTest.test15
JSTerm.java,umd.cs.shop.JSTerm,org.pitest.mutationtest.engine.gregor.mutators.RemoveConditionalMutator_EQUAL_IF,toStr,530,SURVIVED,none
JSTerm.java,umd.cs.shop.JSTerm,org.pitest.mutationtest.engine.gregor.mutators.RemoveConditionalMutator_EQUAL_IF,toStr,530,SURVIVED,none
JSTerm.java,umd.cs.shop.JSTerm,org.pitest.mutationtest.engine.gregor.mutators.RemoveConditionalMutator_ORDER_ELSE,toStr,539,SURVIVED,none
JSTerm.java,umd.cs.shop.JSTerm,org.pitest.mutationtest.engine.gregor.mutators.RemoveConditionalMutator_ORDER_IF,toStr,539,KILLED,umd.cs.shop.JSTerm_ESTest.test14
JSTerm.java,umd.cs.shop.JSTerm,org.pitest.mutationtest.engine.gregor.mutators.ReturnValsMutator,toStr,548,KILLED,umd.cs.shop.JSTerm_ESTest.test15
JSTerm.java,umd.cs.shop.JSTerm,org.pitest.mutationtest.engine.gregor.mutators.experimental.NakedReceiverMutator,toStr,532,KILLED,umd.cs.shop.JSTerm_ESTest.test15
JSTerm.java,umd.cs.shop.JSTerm,org.pitest.mutationtest.engine.gregor.mutators.experimental.NakedReceiverMutator,toStr,532,KILLED,umd.cs.shop.JSTerm_ESTest.test15
JSTerm.java,umd.cs.shop.JSTerm,org.pitest.mutationtest.engine.gregor.mutators.experimental.NakedReceiverMutator,toStr,532,KILLED,umd.cs.shop.JSTerm_ESTest.test15
JSTerm.java,umd.cs.shop.JSTerm,org.pitest.mutationtest.engine.gregor.mutators.experimental.NakedReceiverMutator,toStr,536,SURVIVED,none
JSTerm.java,umd.cs.shop.JSTerm,org.pitest.mutationtest.engine.gregor.mutators.experimental.NakedReceiverMutator,toStr,537,SURVIVED,none
JSTerm.java,umd.cs.shop.JSTerm,org.pitest.mutationtest.engine.gregor.mutators.experimental.NakedReceiverMutator,toStr,537,SURVIVED,none
JSTerm.java,umd.cs.shop.JSTerm,org.pitest.mutationtest.engine.gregor.mutators.experimental.NakedReceiverMutator,toStr,537,SURVIVED,none
JSTerm.java,umd.cs.shop.JSTerm,org.pitest.mutationtest.engine.gregor.mutators.experimental.NakedReceiverMutator,toStr,542,SURVIVED,none
JSTerm.java,umd.cs.shop.JSTerm,org.pitest.mutationtest.engine.gregor.mutators.experimental.NakedReceiverMutator,toStr,544,SURVIVED,none
