SchurTransformer.java,org.apache.commons.math3.linear.SchurTransformer,org.pitest.mutationtest.engine.gregor.mutators.ConstructorCallMutator,<init>,70,KILLED,org.apache.commons.math3.linear.SchurTransformer_ESTest.test5
SchurTransformer.java,org.apache.commons.math3.linear.SchurTransformer,org.pitest.mutationtest.engine.gregor.mutators.ConstructorCallMutator,<init>,74,KILLED,org.apache.commons.math3.linear.SchurTransformer_ESTest.test4
SchurTransformer.java,org.apache.commons.math3.linear.SchurTransformer,org.pitest.mutationtest.engine.gregor.mutators.NegateConditionalsMutator,<init>,69,KILLED,org.apache.commons.math3.linear.SchurTransformer_ESTest.test4
SchurTransformer.java,org.apache.commons.math3.linear.SchurTransformer,org.pitest.mutationtest.engine.gregor.mutators.NonVoidMethodCallMutator,<init>,69,KILLED,org.apache.commons.math3.linear.SchurTransformer_ESTest.test4
SchurTransformer.java,org.apache.commons.math3.linear.SchurTransformer,org.pitest.mutationtest.engine.gregor.mutators.NonVoidMethodCallMutator,<init>,70,SURVIVED,none
SchurTransformer.java,org.apache.commons.math3.linear.SchurTransformer,org.pitest.mutationtest.engine.gregor.mutators.NonVoidMethodCallMutator,<init>,70,SURVIVED,none
SchurTransformer.java,org.apache.commons.math3.linear.SchurTransformer,org.pitest.mutationtest.engine.gregor.mutators.NonVoidMethodCallMutator,<init>,75,KILLED,org.apache.commons.math3.linear.SchurTransformer_ESTest.test4
SchurTransformer.java,org.apache.commons.math3.linear.SchurTransformer,org.pitest.mutationtest.engine.gregor.mutators.NonVoidMethodCallMutator,<init>,75,KILLED,org.apache.commons.math3.linear.SchurTransformer_ESTest.test4
SchurTransformer.java,org.apache.commons.math3.linear.SchurTransformer,org.pitest.mutationtest.engine.gregor.mutators.NonVoidMethodCallMutator,<init>,76,KILLED,org.apache.commons.math3.linear.SchurTransformer_ESTest.test4
SchurTransformer.java,org.apache.commons.math3.linear.SchurTransformer,org.pitest.mutationtest.engine.gregor.mutators.NonVoidMethodCallMutator,<init>,76,KILLED,org.apache.commons.math3.linear.SchurTransformer_ESTest.test4
SchurTransformer.java,org.apache.commons.math3.linear.SchurTransformer,org.pitest.mutationtest.engine.gregor.mutators.RemoveConditionalMutator_EQUAL_ELSE,<init>,69,KILLED,org.apache.commons.math3.linear.SchurTransformer_ESTest.test5
SchurTransformer.java,org.apache.commons.math3.linear.SchurTransformer,org.pitest.mutationtest.engine.gregor.mutators.RemoveConditionalMutator_EQUAL_IF,<init>,69,KILLED,org.apache.commons.math3.linear.SchurTransformer_ESTest.test4
SchurTransformer.java,org.apache.commons.math3.linear.SchurTransformer,org.pitest.mutationtest.engine.gregor.mutators.VoidMethodCallMutator,<init>,82,KILLED,org.apache.commons.math3.linear.SchurTransformer_ESTest.test6
SchurTransformer.java,org.apache.commons.math3.linear.SchurTransformer,org.pitest.mutationtest.engine.gregor.mutators.experimental.MemberVariableMutator,<init>,60,KILLED,org.apache.commons.math3.linear.SchurTransformer_ESTest.test0
SchurTransformer.java,org.apache.commons.math3.linear.SchurTransformer,org.pitest.mutationtest.engine.gregor.mutators.experimental.MemberVariableMutator,<init>,75,KILLED,org.apache.commons.math3.linear.SchurTransformer_ESTest.test4
SchurTransformer.java,org.apache.commons.math3.linear.SchurTransformer,org.pitest.mutationtest.engine.gregor.mutators.experimental.MemberVariableMutator,<init>,76,KILLED,org.apache.commons.math3.linear.SchurTransformer_ESTest.test4
SchurTransformer.java,org.apache.commons.math3.linear.SchurTransformer,org.pitest.mutationtest.engine.gregor.mutators.experimental.MemberVariableMutator,<init>,77,SURVIVED,none
SchurTransformer.java,org.apache.commons.math3.linear.SchurTransformer,org.pitest.mutationtest.engine.gregor.mutators.experimental.MemberVariableMutator,<init>,78,SURVIVED,none
SchurTransformer.java,org.apache.commons.math3.linear.SchurTransformer,org.pitest.mutationtest.engine.gregor.mutators.experimental.MemberVariableMutator,<init>,79,SURVIVED,none
SchurTransformer.java,org.apache.commons.math3.linear.SchurTransformer,org.pitest.mutationtest.engine.gregor.mutators.ArgumentPropagationMutator,computeShift,279,SURVIVED,none
SchurTransformer.java,org.apache.commons.math3.linear.SchurTransformer,org.pitest.mutationtest.engine.gregor.mutators.ArgumentPropagationMutator,computeShift,279,SURVIVED,none
SchurTransformer.java,org.apache.commons.math3.linear.SchurTransformer,org.pitest.mutationtest.engine.gregor.mutators.ArgumentPropagationMutator,computeShift,290,NO_COVERAGE,none
SchurTransformer.java,org.apache.commons.math3.linear.SchurTransformer,org.pitest.mutationtest.engine.gregor.mutators.ConditionalsBoundaryMutator,computeShift,268,SURVIVED,none
SchurTransformer.java,org.apache.commons.math3.linear.SchurTransformer,org.pitest.mutationtest.engine.gregor.mutators.ConditionalsBoundaryMutator,computeShift,276,SURVIVED,none
SchurTransformer.java,org.apache.commons.math3.linear.SchurTransformer,org.pitest.mutationtest.engine.gregor.mutators.ConditionalsBoundaryMutator,computeShift,289,SURVIVED,none
SchurTransformer.java,org.apache.commons.math3.linear.SchurTransformer,org.pitest.mutationtest.engine.gregor.mutators.ConditionalsBoundaryMutator,computeShift,291,NO_COVERAGE,none
SchurTransformer.java,org.apache.commons.math3.linear.SchurTransformer,org.pitest.mutationtest.engine.gregor.mutators.ConditionalsBoundaryMutator,computeShift,295,NO_COVERAGE,none
SchurTransformer.java,org.apache.commons.math3.linear.SchurTransformer,org.pitest.mutationtest.engine.gregor.mutators.IncrementsMutator,computeShift,276,KILLED,org.apache.commons.math3.linear.SchurTransformer_ESTest.test6
SchurTransformer.java,org.apache.commons.math3.linear.SchurTransformer,org.pitest.mutationtest.engine.gregor.mutators.IncrementsMutator,computeShift,295,NO_COVERAGE,none
SchurTransformer.java,org.apache.commons.math3.linear.SchurTransformer,org.pitest.mutationtest.engine.gregor.mutators.InlineConstantMutator,computeShift,267,SURVIVED,none
SchurTransformer.java,org.apache.commons.math3.linear.SchurTransformer,org.pitest.mutationtest.engine.gregor.mutators.InlineConstantMutator,computeShift,269,SURVIVED,none
SchurTransformer.java,org.apache.commons.math3.linear.SchurTransformer,org.pitest.mutationtest.engine.gregor.mutators.InlineConstantMutator,computeShift,269,SURVIVED,none
SchurTransformer.java,org.apache.commons.math3.linear.SchurTransformer,org.pitest.mutationtest.engine.gregor.mutators.InlineConstantMutator,computeShift,270,SURVIVED,none
SchurTransformer.java,org.apache.commons.math3.linear.SchurTransformer,org.pitest.mutationtest.engine.gregor.mutators.InlineConstantMutator,computeShift,270,SURVIVED,none
SchurTransformer.java,org.apache.commons.math3.linear.SchurTransformer,org.pitest.mutationtest.engine.gregor.mutators.InlineConstantMutator,computeShift,274,SURVIVED,none
SchurTransformer.java,org.apache.commons.math3.linear.SchurTransformer,org.pitest.mutationtest.engine.gregor.mutators.InlineConstantMutator,computeShift,276,SURVIVED,none
SchurTransformer.java,org.apache.commons.math3.linear.SchurTransformer,org.pitest.mutationtest.engine.gregor.mutators.InlineConstantMutator,computeShift,279,SURVIVED,none
SchurTransformer.java,org.apache.commons.math3.linear.SchurTransformer,org.pitest.mutationtest.engine.gregor.mutators.InlineConstantMutator,computeShift,279,SURVIVED,none
SchurTransformer.java,org.apache.commons.math3.linear.SchurTransformer,org.pitest.mutationtest.engine.gregor.mutators.InlineConstantMutator,computeShift,279,SURVIVED,none
SchurTransformer.java,org.apache.commons.math3.linear.SchurTransformer,org.pitest.mutationtest.engine.gregor.mutators.InlineConstantMutator,computeShift,280,SURVIVED,none
SchurTransformer.java,org.apache.commons.math3.linear.SchurTransformer,org.pitest.mutationtest.engine.gregor.mutators.InlineConstantMutator,computeShift,281,SURVIVED,none
SchurTransformer.java,org.apache.commons.math3.linear.SchurTransformer,org.pitest.mutationtest.engine.gregor.mutators.InlineConstantMutator,computeShift,282,SURVIVED,none
SchurTransformer.java,org.apache.commons.math3.linear.SchurTransformer,org.pitest.mutationtest.engine.gregor.mutators.InlineConstantMutator,computeShift,286,SURVIVED,none
SchurTransformer.java,org.apache.commons.math3.linear.SchurTransformer,org.pitest.mutationtest.engine.gregor.mutators.InlineConstantMutator,computeShift,287,SURVIVED,none
SchurTransformer.java,org.apache.commons.math3.linear.SchurTransformer,org.pitest.mutationtest.engine.gregor.mutators.InlineConstantMutator,computeShift,289,SURVIVED,none
SchurTransformer.java,org.apache.commons.math3.linear.SchurTransformer,org.pitest.mutationtest.engine.gregor.mutators.InlineConstantMutator,computeShift,294,NO_COVERAGE,none
SchurTransformer.java,org.apache.commons.math3.linear.SchurTransformer,org.pitest.mutationtest.engine.gregor.mutators.InlineConstantMutator,computeShift,295,NO_COVERAGE,none
SchurTransformer.java,org.apache.commons.math3.linear.SchurTransformer,org.pitest.mutationtest.engine.gregor.mutators.InlineConstantMutator,computeShift,299,NO_COVERAGE,none
SchurTransformer.java,org.apache.commons.math3.linear.SchurTransformer,org.pitest.mutationtest.engine.gregor.mutators.InvertNegsMutator,computeShift,292,NO_COVERAGE,none
SchurTransformer.java,org.apache.commons.math3.linear.SchurTransformer,org.pitest.mutationtest.engine.gregor.mutators.MathMutator,computeShift,269,KILLED,org.apache.commons.math3.linear.SchurTransformer_ESTest.test6
SchurTransformer.java,org.apache.commons.math3.linear.SchurTransformer,org.pitest.mutationtest.engine.gregor.mutators.MathMutator,computeShift,269,KILLED,org.apache.commons.math3.linear.SchurTransformer_ESTest.test6
SchurTransformer.java,org.apache.commons.math3.linear.SchurTransformer,org.pitest.mutationtest.engine.gregor.mutators.MathMutator,computeShift,270,KILLED,org.apache.commons.math3.linear.SchurTransformer_ESTest.test6
SchurTransformer.java,org.apache.commons.math3.linear.SchurTransformer,org.pitest.mutationtest.engine.gregor.mutators.MathMutator,computeShift,270,KILLED,org.apache.commons.math3.linear.SchurTransformer_ESTest.test6
SchurTransformer.java,org.apache.commons.math3.linear.SchurTransformer,org.pitest.mutationtest.engine.gregor.mutators.MathMutator,computeShift,270,SURVIVED,none
SchurTransformer.java,org.apache.commons.math3.linear.SchurTransformer,org.pitest.mutationtest.engine.gregor.mutators.MathMutator,computeShift,275,SURVIVED,none
SchurTransformer.java,org.apache.commons.math3.linear.SchurTransformer,org.pitest.mutationtest.engine.gregor.mutators.MathMutator,computeShift,277,SURVIVED,none
SchurTransformer.java,org.apache.commons.math3.linear.SchurTransformer,org.pitest.mutationtest.engine.gregor.mutators.MathMutator,computeShift,279,KILLED,org.apache.commons.math3.linear.SchurTransformer_ESTest.test6
SchurTransformer.java,org.apache.commons.math3.linear.SchurTransformer,org.pitest.mutationtest.engine.gregor.mutators.MathMutator,computeShift,279,KILLED,org.apache.commons.math3.linear.SchurTransformer_ESTest.test6
SchurTransformer.java,org.apache.commons.math3.linear.SchurTransformer,org.pitest.mutationtest.engine.gregor.mutators.MathMutator,computeShift,279,KILLED,org.apache.commons.math3.linear.SchurTransformer_ESTest.test6
SchurTransformer.java,org.apache.commons.math3.linear.SchurTransformer,org.pitest.mutationtest.engine.gregor.mutators.MathMutator,computeShift,279,SURVIVED,none
SchurTransformer.java,org.apache.commons.math3.linear.SchurTransformer,org.pitest.mutationtest.engine.gregor.mutators.MathMutator,computeShift,280,SURVIVED,none
SchurTransformer.java,org.apache.commons.math3.linear.SchurTransformer,org.pitest.mutationtest.engine.gregor.mutators.MathMutator,computeShift,281,SURVIVED,none
SchurTransformer.java,org.apache.commons.math3.linear.SchurTransformer,org.pitest.mutationtest.engine.gregor.mutators.MathMutator,computeShift,282,SURVIVED,none
SchurTransformer.java,org.apache.commons.math3.linear.SchurTransformer,org.pitest.mutationtest.engine.gregor.mutators.MathMutator,computeShift,282,SURVIVED,none
SchurTransformer.java,org.apache.commons.math3.linear.SchurTransformer,org.pitest.mutationtest.engine.gregor.mutators.MathMutator,computeShift,287,SURVIVED,none
SchurTransformer.java,org.apache.commons.math3.linear.SchurTransformer,org.pitest.mutationtest.engine.gregor.mutators.MathMutator,computeShift,287,SURVIVED,none
SchurTransformer.java,org.apache.commons.math3.linear.SchurTransformer,org.pitest.mutationtest.engine.gregor.mutators.MathMutator,computeShift,288,SURVIVED,none
SchurTransformer.java,org.apache.commons.math3.linear.SchurTransformer,org.pitest.mutationtest.engine.gregor.mutators.MathMutator,computeShift,288,SURVIVED,none
SchurTransformer.java,org.apache.commons.math3.linear.SchurTransformer,org.pitest.mutationtest.engine.gregor.mutators.MathMutator,computeShift,294,NO_COVERAGE,none
SchurTransformer.java,org.apache.commons.math3.linear.SchurTransformer,org.pitest.mutationtest.engine.gregor.mutators.MathMutator,computeShift,294,NO_COVERAGE,none
SchurTransformer.java,org.apache.commons.math3.linear.SchurTransformer,org.pitest.mutationtest.engine.gregor.mutators.MathMutator,computeShift,294,NO_COVERAGE,none
SchurTransformer.java,org.apache.commons.math3.linear.SchurTransformer,org.pitest.mutationtest.engine.gregor.mutators.MathMutator,computeShift,294,NO_COVERAGE,none
SchurTransformer.java,org.apache.commons.math3.linear.SchurTransformer,org.pitest.mutationtest.engine.gregor.mutators.MathMutator,computeShift,294,NO_COVERAGE,none
SchurTransformer.java,org.apache.commons.math3.linear.SchurTransformer,org.pitest.mutationtest.engine.gregor.mutators.MathMutator,computeShift,296,NO_COVERAGE,none
SchurTransformer.java,org.apache.commons.math3.linear.SchurTransformer,org.pitest.mutationtest.engine.gregor.mutators.MathMutator,computeShift,298,NO_COVERAGE,none
SchurTransformer.java,org.apache.commons.math3.linear.SchurTransformer,org.pitest.mutationtest.engine.gregor.mutators.NegateConditionalsMutator,computeShift,268,SURVIVED,none
SchurTransformer.java,org.apache.commons.math3.linear.SchurTransformer,org.pitest.mutationtest.engine.gregor.mutators.NegateConditionalsMutator,computeShift,274,SURVIVED,none
SchurTransformer.java,org.apache.commons.math3.linear.SchurTransformer,org.pitest.mutationtest.engine.gregor.mutators.NegateConditionalsMutator,computeShift,276,SURVIVED,none
SchurTransformer.java,org.apache.commons.math3.linear.SchurTransformer,org.pitest.mutationtest.engine.gregor.mutators.NegateConditionalsMutator,computeShift,286,SURVIVED,none
SchurTransformer.java,org.apache.commons.math3.linear.SchurTransformer,org.pitest.mutationtest.engine.gregor.mutators.NegateConditionalsMutator,computeShift,289,SURVIVED,none
SchurTransformer.java,org.apache.commons.math3.linear.SchurTransformer,org.pitest.mutationtest.engine.gregor.mutators.NegateConditionalsMutator,computeShift,291,NO_COVERAGE,none
SchurTransformer.java,org.apache.commons.math3.linear.SchurTransformer,org.pitest.mutationtest.engine.gregor.mutators.NegateConditionalsMutator,computeShift,295,NO_COVERAGE,none
SchurTransformer.java,org.apache.commons.math3.linear.SchurTransformer,org.pitest.mutationtest.engine.gregor.mutators.NonVoidMethodCallMutator,computeShift,279,SURVIVED,none
SchurTransformer.java,org.apache.commons.math3.linear.SchurTransformer,org.pitest.mutationtest.engine.gregor.mutators.NonVoidMethodCallMutator,computeShift,279,SURVIVED,none
SchurTransformer.java,org.apache.commons.math3.linear.SchurTransformer,org.pitest.mutationtest.engine.gregor.mutators.NonVoidMethodCallMutator,computeShift,290,NO_COVERAGE,none
SchurTransformer.java,org.apache.commons.math3.linear.SchurTransformer,org.pitest.mutationtest.engine.gregor.mutators.RemoveConditionalMutator_EQUAL_ELSE,computeShift,274,SURVIVED,none
SchurTransformer.java,org.apache.commons.math3.linear.SchurTransformer,org.pitest.mutationtest.engine.gregor.mutators.RemoveConditionalMutator_EQUAL_ELSE,computeShift,286,SURVIVED,none
SchurTransformer.java,org.apache.commons.math3.linear.SchurTransformer,org.pitest.mutationtest.engine.gregor.mutators.RemoveConditionalMutator_EQUAL_IF,computeShift,274,SURVIVED,none
SchurTransformer.java,org.apache.commons.math3.linear.SchurTransformer,org.pitest.mutationtest.engine.gregor.mutators.RemoveConditionalMutator_EQUAL_IF,computeShift,286,SURVIVED,none
SchurTransformer.java,org.apache.commons.math3.linear.SchurTransformer,org.pitest.mutationtest.engine.gregor.mutators.RemoveConditionalMutator_ORDER_ELSE,computeShift,268,SURVIVED,none
SchurTransformer.java,org.apache.commons.math3.linear.SchurTransformer,org.pitest.mutationtest.engine.gregor.mutators.RemoveConditionalMutator_ORDER_ELSE,computeShift,276,SURVIVED,none
SchurTransformer.java,org.apache.commons.math3.linear.SchurTransformer,org.pitest.mutationtest.engine.gregor.mutators.RemoveConditionalMutator_ORDER_ELSE,computeShift,289,SURVIVED,none
SchurTransformer.java,org.apache.commons.math3.linear.SchurTransformer,org.pitest.mutationtest.engine.gregor.mutators.RemoveConditionalMutator_ORDER_ELSE,computeShift,291,NO_COVERAGE,none
SchurTransformer.java,org.apache.commons.math3.linear.SchurTransformer,org.pitest.mutationtest.engine.gregor.mutators.RemoveConditionalMutator_ORDER_ELSE,computeShift,295,NO_COVERAGE,none
SchurTransformer.java,org.apache.commons.math3.linear.SchurTransformer,org.pitest.mutationtest.engine.gregor.mutators.RemoveConditionalMutator_ORDER_IF,computeShift,268,SURVIVED,none
SchurTransformer.java,org.apache.commons.math3.linear.SchurTransformer,org.pitest.mutationtest.engine.gregor.mutators.RemoveConditionalMutator_ORDER_IF,computeShift,276,KILLED,org.apache.commons.math3.linear.SchurTransformer_ESTest.test6
SchurTransformer.java,org.apache.commons.math3.linear.SchurTransformer,org.pitest.mutationtest.engine.gregor.mutators.RemoveConditionalMutator_ORDER_IF,computeShift,289,SURVIVED,none
SchurTransformer.java,org.apache.commons.math3.linear.SchurTransformer,org.pitest.mutationtest.engine.gregor.mutators.RemoveConditionalMutator_ORDER_IF,computeShift,291,NO_COVERAGE,none
SchurTransformer.java,org.apache.commons.math3.linear.SchurTransformer,org.pitest.mutationtest.engine.gregor.mutators.RemoveConditionalMutator_ORDER_IF,computeShift,295,NO_COVERAGE,none
SchurTransformer.java,org.apache.commons.math3.linear.SchurTransformer,org.pitest.mutationtest.engine.gregor.mutators.experimental.MemberVariableMutator,computeShift,266,SURVIVED,none
SchurTransformer.java,org.apache.commons.math3.linear.SchurTransformer,org.pitest.mutationtest.engine.gregor.mutators.experimental.MemberVariableMutator,computeShift,267,SURVIVED,none
SchurTransformer.java,org.apache.commons.math3.linear.SchurTransformer,org.pitest.mutationtest.engine.gregor.mutators.experimental.MemberVariableMutator,computeShift,267,SURVIVED,none
SchurTransformer.java,org.apache.commons.math3.linear.SchurTransformer,org.pitest.mutationtest.engine.gregor.mutators.experimental.MemberVariableMutator,computeShift,269,SURVIVED,none
SchurTransformer.java,org.apache.commons.math3.linear.SchurTransformer,org.pitest.mutationtest.engine.gregor.mutators.experimental.MemberVariableMutator,computeShift,270,SURVIVED,none
SchurTransformer.java,org.apache.commons.math3.linear.SchurTransformer,org.pitest.mutationtest.engine.gregor.mutators.experimental.MemberVariableMutator,computeShift,275,SURVIVED,none
SchurTransformer.java,org.apache.commons.math3.linear.SchurTransformer,org.pitest.mutationtest.engine.gregor.mutators.experimental.MemberVariableMutator,computeShift,280,SURVIVED,none
SchurTransformer.java,org.apache.commons.math3.linear.SchurTransformer,org.pitest.mutationtest.engine.gregor.mutators.experimental.MemberVariableMutator,computeShift,281,SURVIVED,none
SchurTransformer.java,org.apache.commons.math3.linear.SchurTransformer,org.pitest.mutationtest.engine.gregor.mutators.experimental.MemberVariableMutator,computeShift,282,SURVIVED,none
SchurTransformer.java,org.apache.commons.math3.linear.SchurTransformer,org.pitest.mutationtest.engine.gregor.mutators.experimental.MemberVariableMutator,computeShift,298,NO_COVERAGE,none
SchurTransformer.java,org.apache.commons.math3.linear.SchurTransformer,org.pitest.mutationtest.engine.gregor.mutators.experimental.MemberVariableMutator,computeShift,299,NO_COVERAGE,none
SchurTransformer.java,org.apache.commons.math3.linear.SchurTransformer,org.pitest.mutationtest.engine.gregor.mutators.experimental.MemberVariableMutator,computeShift,299,NO_COVERAGE,none
SchurTransformer.java,org.apache.commons.math3.linear.SchurTransformer,org.pitest.mutationtest.engine.gregor.mutators.experimental.MemberVariableMutator,computeShift,299,NO_COVERAGE,none
SchurTransformer.java,org.apache.commons.math3.linear.SchurTransformer,org.pitest.mutationtest.engine.gregor.mutators.ArgumentPropagationMutator,findSmallSubDiagonalElement,244,SURVIVED,none
SchurTransformer.java,org.apache.commons.math3.linear.SchurTransformer,org.pitest.mutationtest.engine.gregor.mutators.ArgumentPropagationMutator,findSmallSubDiagonalElement,244,SURVIVED,none
SchurTransformer.java,org.apache.commons.math3.linear.SchurTransformer,org.pitest.mutationtest.engine.gregor.mutators.ArgumentPropagationMutator,findSmallSubDiagonalElement,248,SURVIVED,none
SchurTransformer.java,org.apache.commons.math3.linear.SchurTransformer,org.pitest.mutationtest.engine.gregor.mutators.ConditionalsBoundaryMutator,findSmallSubDiagonalElement,243,KILLED,org.apache.commons.math3.linear.SchurTransformer_ESTest.test4
SchurTransformer.java,org.apache.commons.math3.linear.SchurTransformer,org.pitest.mutationtest.engine.gregor.mutators.ConditionalsBoundaryMutator,findSmallSubDiagonalElement,248,KILLED,org.apache.commons.math3.linear.SchurTransformer_ESTest.test6
SchurTransformer.java,org.apache.commons.math3.linear.SchurTransformer,org.pitest.mutationtest.engine.gregor.mutators.IncrementsMutator,findSmallSubDiagonalElement,251,KILLED,org.apache.commons.math3.linear.SchurTransformer_ESTest.test4
SchurTransformer.java,org.apache.commons.math3.linear.SchurTransformer,org.pitest.mutationtest.engine.gregor.mutators.InlineConstantMutator,findSmallSubDiagonalElement,244,SURVIVED,none
SchurTransformer.java,org.apache.commons.math3.linear.SchurTransformer,org.pitest.mutationtest.engine.gregor.mutators.InlineConstantMutator,findSmallSubDiagonalElement,244,SURVIVED,none
SchurTransformer.java,org.apache.commons.math3.linear.SchurTransformer,org.pitest.mutationtest.engine.gregor.mutators.InlineConstantMutator,findSmallSubDiagonalElement,245,KILLED,org.apache.commons.math3.linear.SchurTransformer_ESTest.test0
SchurTransformer.java,org.apache.commons.math3.linear.SchurTransformer,org.pitest.mutationtest.engine.gregor.mutators.InlineConstantMutator,findSmallSubDiagonalElement,248,SURVIVED,none
SchurTransformer.java,org.apache.commons.math3.linear.SchurTransformer,org.pitest.mutationtest.engine.gregor.mutators.MathMutator,findSmallSubDiagonalElement,244,KILLED,org.apache.commons.math3.linear.SchurTransformer_ESTest.test4
SchurTransformer.java,org.apache.commons.math3.linear.SchurTransformer,org.pitest.mutationtest.engine.gregor.mutators.MathMutator,findSmallSubDiagonalElement,244,KILLED,org.apache.commons.math3.linear.SchurTransformer_ESTest.test4
SchurTransformer.java,org.apache.commons.math3.linear.SchurTransformer,org.pitest.mutationtest.engine.gregor.mutators.MathMutator,findSmallSubDiagonalElement,244,SURVIVED,none
SchurTransformer.java,org.apache.commons.math3.linear.SchurTransformer,org.pitest.mutationtest.engine.gregor.mutators.MathMutator,findSmallSubDiagonalElement,248,KILLED,org.apache.commons.math3.linear.SchurTransformer_ESTest.test4
SchurTransformer.java,org.apache.commons.math3.linear.SchurTransformer,org.pitest.mutationtest.engine.gregor.mutators.MathMutator,findSmallSubDiagonalElement,248,KILLED,org.apache.commons.math3.linear.SchurTransformer_ESTest.test6
SchurTransformer.java,org.apache.commons.math3.linear.SchurTransformer,org.pitest.mutationtest.engine.gregor.mutators.NegateConditionalsMutator,findSmallSubDiagonalElement,243,KILLED,org.apache.commons.math3.linear.SchurTransformer_ESTest.test4
SchurTransformer.java,org.apache.commons.math3.linear.SchurTransformer,org.pitest.mutationtest.engine.gregor.mutators.NegateConditionalsMutator,findSmallSubDiagonalElement,245,KILLED,org.apache.commons.math3.linear.SchurTransformer_ESTest.test0
SchurTransformer.java,org.apache.commons.math3.linear.SchurTransformer,org.pitest.mutationtest.engine.gregor.mutators.NegateConditionalsMutator,findSmallSubDiagonalElement,248,KILLED,org.apache.commons.math3.linear.SchurTransformer_ESTest.test6
SchurTransformer.java,org.apache.commons.math3.linear.SchurTransformer,org.pitest.mutationtest.engine.gregor.mutators.NonVoidMethodCallMutator,findSmallSubDiagonalElement,244,SURVIVED,none
SchurTransformer.java,org.apache.commons.math3.linear.SchurTransformer,org.pitest.mutationtest.engine.gregor.mutators.NonVoidMethodCallMutator,findSmallSubDiagonalElement,244,SURVIVED,none
SchurTransformer.java,org.apache.commons.math3.linear.SchurTransformer,org.pitest.mutationtest.engine.gregor.mutators.NonVoidMethodCallMutator,findSmallSubDiagonalElement,248,SURVIVED,none
SchurTransformer.java,org.apache.commons.math3.linear.SchurTransformer,org.pitest.mutationtest.engine.gregor.mutators.PrimitiveReturnsMutator,findSmallSubDiagonalElement,253,KILLED,org.apache.commons.math3.linear.SchurTransformer_ESTest.test0
SchurTransformer.java,org.apache.commons.math3.linear.SchurTransformer,org.pitest.mutationtest.engine.gregor.mutators.RemoveConditionalMutator_EQUAL_ELSE,findSmallSubDiagonalElement,245,KILLED,org.apache.commons.math3.linear.SchurTransformer_ESTest.test0
SchurTransformer.java,org.apache.commons.math3.linear.SchurTransformer,org.pitest.mutationtest.engine.gregor.mutators.RemoveConditionalMutator_EQUAL_IF,findSmallSubDiagonalElement,245,SURVIVED,none
SchurTransformer.java,org.apache.commons.math3.linear.SchurTransformer,org.pitest.mutationtest.engine.gregor.mutators.RemoveConditionalMutator_ORDER_ELSE,findSmallSubDiagonalElement,243,KILLED,org.apache.commons.math3.linear.SchurTransformer_ESTest.test6
SchurTransformer.java,org.apache.commons.math3.linear.SchurTransformer,org.pitest.mutationtest.engine.gregor.mutators.RemoveConditionalMutator_ORDER_ELSE,findSmallSubDiagonalElement,248,KILLED,org.apache.commons.math3.linear.SchurTransformer_ESTest.test0
SchurTransformer.java,org.apache.commons.math3.linear.SchurTransformer,org.pitest.mutationtest.engine.gregor.mutators.RemoveConditionalMutator_ORDER_IF,findSmallSubDiagonalElement,243,KILLED,org.apache.commons.math3.linear.SchurTransformer_ESTest.test4
SchurTransformer.java,org.apache.commons.math3.linear.SchurTransformer,org.pitest.mutationtest.engine.gregor.mutators.RemoveConditionalMutator_ORDER_IF,findSmallSubDiagonalElement,248,KILLED,org.apache.commons.math3.linear.SchurTransformer_ESTest.test6
SchurTransformer.java,org.apache.commons.math3.linear.SchurTransformer,org.pitest.mutationtest.engine.gregor.mutators.ReturnValsMutator,findSmallSubDiagonalElement,253,KILLED,org.apache.commons.math3.linear.SchurTransformer_ESTest.test4
SchurTransformer.java,org.apache.commons.math3.linear.SchurTransformer,org.pitest.mutationtest.engine.gregor.mutators.experimental.RemoveIncrementsMutator,findSmallSubDiagonalElement,251,TIMED_OUT,none
SchurTransformer.java,org.apache.commons.math3.linear.SchurTransformer,org.pitest.mutationtest.engine.gregor.mutators.ArgumentPropagationMutator,getNorm,227,SURVIVED,none
SchurTransformer.java,org.apache.commons.math3.linear.SchurTransformer,org.pitest.mutationtest.engine.gregor.mutators.ArgumentPropagationMutator,getNorm,228,SURVIVED,none
SchurTransformer.java,org.apache.commons.math3.linear.SchurTransformer,org.pitest.mutationtest.engine.gregor.mutators.ConditionalsBoundaryMutator,getNorm,225,KILLED,org.apache.commons.math3.linear.SchurTransformer_ESTest.test4
SchurTransformer.java,org.apache.commons.math3.linear.SchurTransformer,org.pitest.mutationtest.engine.gregor.mutators.ConditionalsBoundaryMutator,getNorm,227,KILLED,org.apache.commons.math3.linear.SchurTransformer_ESTest.test4
SchurTransformer.java,org.apache.commons.math3.linear.SchurTransformer,org.pitest.mutationtest.engine.gregor.mutators.IncrementsMutator,getNorm,225,KILLED,org.apache.commons.math3.linear.SchurTransformer_ESTest.test4
SchurTransformer.java,org.apache.commons.math3.linear.SchurTransformer,org.pitest.mutationtest.engine.gregor.mutators.InlineConstantMutator,getNorm,224,KILLED,org.apache.commons.math3.linear.SchurTransformer_ESTest.test6
SchurTransformer.java,org.apache.commons.math3.linear.SchurTransformer,org.pitest.mutationtest.engine.gregor.mutators.InlineConstantMutator,getNorm,225,SURVIVED,none
SchurTransformer.java,org.apache.commons.math3.linear.SchurTransformer,org.pitest.mutationtest.engine.gregor.mutators.InlineConstantMutator,getNorm,227,SURVIVED,none
SchurTransformer.java,org.apache.commons.math3.linear.SchurTransformer,org.pitest.mutationtest.engine.gregor.mutators.InlineConstantMutator,getNorm,227,SURVIVED,none
SchurTransformer.java,org.apache.commons.math3.linear.SchurTransformer,org.pitest.mutationtest.engine.gregor.mutators.MathMutator,getNorm,227,KILLED,org.apache.commons.math3.linear.SchurTransformer_ESTest.test0
SchurTransformer.java,org.apache.commons.math3.linear.SchurTransformer,org.pitest.mutationtest.engine.gregor.mutators.MathMutator,getNorm,228,KILLED,org.apache.commons.math3.linear.SchurTransformer_ESTest.test0
SchurTransformer.java,org.apache.commons.math3.linear.SchurTransformer,org.pitest.mutationtest.engine.gregor.mutators.NegateConditionalsMutator,getNorm,225,KILLED,org.apache.commons.math3.linear.SchurTransformer_ESTest.test0
SchurTransformer.java,org.apache.commons.math3.linear.SchurTransformer,org.pitest.mutationtest.engine.gregor.mutators.NegateConditionalsMutator,getNorm,227,KILLED,org.apache.commons.math3.linear.SchurTransformer_ESTest.test0
SchurTransformer.java,org.apache.commons.math3.linear.SchurTransformer,org.pitest.mutationtest.engine.gregor.mutators.NonVoidMethodCallMutator,getNorm,227,SURVIVED,none
SchurTransformer.java,org.apache.commons.math3.linear.SchurTransformer,org.pitest.mutationtest.engine.gregor.mutators.NonVoidMethodCallMutator,getNorm,228,KILLED,org.apache.commons.math3.linear.SchurTransformer_ESTest.test0
SchurTransformer.java,org.apache.commons.math3.linear.SchurTransformer,org.pitest.mutationtest.engine.gregor.mutators.PrimitiveReturnsMutator,getNorm,231,KILLED,org.apache.commons.math3.linear.SchurTransformer_ESTest.test0
SchurTransformer.java,org.apache.commons.math3.linear.SchurTransformer,org.pitest.mutationtest.engine.gregor.mutators.RemoveConditionalMutator_ORDER_ELSE,getNorm,225,KILLED,org.apache.commons.math3.linear.SchurTransformer_ESTest.test0
SchurTransformer.java,org.apache.commons.math3.linear.SchurTransformer,org.pitest.mutationtest.engine.gregor.mutators.RemoveConditionalMutator_ORDER_ELSE,getNorm,227,KILLED,org.apache.commons.math3.linear.SchurTransformer_ESTest.test0
SchurTransformer.java,org.apache.commons.math3.linear.SchurTransformer,org.pitest.mutationtest.engine.gregor.mutators.RemoveConditionalMutator_ORDER_IF,getNorm,225,KILLED,org.apache.commons.math3.linear.SchurTransformer_ESTest.test4
SchurTransformer.java,org.apache.commons.math3.linear.SchurTransformer,org.pitest.mutationtest.engine.gregor.mutators.RemoveConditionalMutator_ORDER_IF,getNorm,227,KILLED,org.apache.commons.math3.linear.SchurTransformer_ESTest.test4
SchurTransformer.java,org.apache.commons.math3.linear.SchurTransformer,org.pitest.mutationtest.engine.gregor.mutators.ReturnValsMutator,getNorm,231,KILLED,org.apache.commons.math3.linear.SchurTransformer_ESTest.test0
SchurTransformer.java,org.apache.commons.math3.linear.SchurTransformer,org.pitest.mutationtest.engine.gregor.mutators.NegateConditionalsMutator,getP,92,KILLED,org.apache.commons.math3.linear.SchurTransformer_ESTest.test4
SchurTransformer.java,org.apache.commons.math3.linear.SchurTransformer,org.pitest.mutationtest.engine.gregor.mutators.NonVoidMethodCallMutator,getP,93,KILLED,org.apache.commons.math3.linear.SchurTransformer_ESTest.test4
SchurTransformer.java,org.apache.commons.math3.linear.SchurTransformer,org.pitest.mutationtest.engine.gregor.mutators.NullReturnValsMutator,getP,95,KILLED,org.apache.commons.math3.linear.SchurTransformer_ESTest.test4
SchurTransformer.java,org.apache.commons.math3.linear.SchurTransformer,org.pitest.mutationtest.engine.gregor.mutators.RemoveConditionalMutator_EQUAL_ELSE,getP,92,KILLED,org.apache.commons.math3.linear.SchurTransformer_ESTest.test4
SchurTransformer.java,org.apache.commons.math3.linear.SchurTransformer,org.pitest.mutationtest.engine.gregor.mutators.RemoveConditionalMutator_EQUAL_IF,getP,92,SURVIVED,none
SchurTransformer.java,org.apache.commons.math3.linear.SchurTransformer,org.pitest.mutationtest.engine.gregor.mutators.ReturnValsMutator,getP,95,KILLED,org.apache.commons.math3.linear.SchurTransformer_ESTest.test4
SchurTransformer.java,org.apache.commons.math3.linear.SchurTransformer,org.pitest.mutationtest.engine.gregor.mutators.experimental.MemberVariableMutator,getP,93,KILLED,org.apache.commons.math3.linear.SchurTransformer_ESTest.test4
SchurTransformer.java,org.apache.commons.math3.linear.SchurTransformer,org.pitest.mutationtest.engine.gregor.mutators.NegateConditionalsMutator,getPT,105,KILLED,org.apache.commons.math3.linear.SchurTransformer_ESTest.test3
SchurTransformer.java,org.apache.commons.math3.linear.SchurTransformer,org.pitest.mutationtest.engine.gregor.mutators.NonVoidMethodCallMutator,getPT,106,KILLED,org.apache.commons.math3.linear.SchurTransformer_ESTest.test3
SchurTransformer.java,org.apache.commons.math3.linear.SchurTransformer,org.pitest.mutationtest.engine.gregor.mutators.NonVoidMethodCallMutator,getPT,106,KILLED,org.apache.commons.math3.linear.SchurTransformer_ESTest.test3
SchurTransformer.java,org.apache.commons.math3.linear.SchurTransformer,org.pitest.mutationtest.engine.gregor.mutators.NullReturnValsMutator,getPT,110,KILLED,org.apache.commons.math3.linear.SchurTransformer_ESTest.test3
SchurTransformer.java,org.apache.commons.math3.linear.SchurTransformer,org.pitest.mutationtest.engine.gregor.mutators.RemoveConditionalMutator_EQUAL_ELSE,getPT,105,KILLED,org.apache.commons.math3.linear.SchurTransformer_ESTest.test3
SchurTransformer.java,org.apache.commons.math3.linear.SchurTransformer,org.pitest.mutationtest.engine.gregor.mutators.RemoveConditionalMutator_EQUAL_IF,getPT,105,SURVIVED,none
SchurTransformer.java,org.apache.commons.math3.linear.SchurTransformer,org.pitest.mutationtest.engine.gregor.mutators.ReturnValsMutator,getPT,110,KILLED,org.apache.commons.math3.linear.SchurTransformer_ESTest.test3
SchurTransformer.java,org.apache.commons.math3.linear.SchurTransformer,org.pitest.mutationtest.engine.gregor.mutators.experimental.MemberVariableMutator,getPT,106,KILLED,org.apache.commons.math3.linear.SchurTransformer_ESTest.test3
SchurTransformer.java,org.apache.commons.math3.linear.SchurTransformer,org.pitest.mutationtest.engine.gregor.mutators.experimental.NakedReceiverMutator,getPT,106,SURVIVED,none
SchurTransformer.java,org.apache.commons.math3.linear.SchurTransformer,org.pitest.mutationtest.engine.gregor.mutators.NegateConditionalsMutator,getT,119,KILLED,org.apache.commons.math3.linear.SchurTransformer_ESTest.test2
SchurTransformer.java,org.apache.commons.math3.linear.SchurTransformer,org.pitest.mutationtest.engine.gregor.mutators.NonVoidMethodCallMutator,getT,120,KILLED,org.apache.commons.math3.linear.SchurTransformer_ESTest.test2
SchurTransformer.java,org.apache.commons.math3.linear.SchurTransformer,org.pitest.mutationtest.engine.gregor.mutators.NullReturnValsMutator,getT,124,KILLED,org.apache.commons.math3.linear.SchurTransformer_ESTest.test2
SchurTransformer.java,org.apache.commons.math3.linear.SchurTransformer,org.pitest.mutationtest.engine.gregor.mutators.RemoveConditionalMutator_EQUAL_ELSE,getT,119,KILLED,org.apache.commons.math3.linear.SchurTransformer_ESTest.test2
SchurTransformer.java,org.apache.commons.math3.linear.SchurTransformer,org.pitest.mutationtest.engine.gregor.mutators.RemoveConditionalMutator_EQUAL_IF,getT,119,SURVIVED,none
SchurTransformer.java,org.apache.commons.math3.linear.SchurTransformer,org.pitest.mutationtest.engine.gregor.mutators.ReturnValsMutator,getT,124,KILLED,org.apache.commons.math3.linear.SchurTransformer_ESTest.test2
SchurTransformer.java,org.apache.commons.math3.linear.SchurTransformer,org.pitest.mutationtest.engine.gregor.mutators.experimental.MemberVariableMutator,getT,120,KILLED,org.apache.commons.math3.linear.SchurTransformer_ESTest.test2
SchurTransformer.java,org.apache.commons.math3.linear.SchurTransformer,org.pitest.mutationtest.engine.gregor.mutators.ArgumentPropagationMutator,initQRStep,328,SURVIVED,none
SchurTransformer.java,org.apache.commons.math3.linear.SchurTransformer,org.pitest.mutationtest.engine.gregor.mutators.ArgumentPropagationMutator,initQRStep,328,SURVIVED,none
SchurTransformer.java,org.apache.commons.math3.linear.SchurTransformer,org.pitest.mutationtest.engine.gregor.mutators.ArgumentPropagationMutator,initQRStep,328,SURVIVED,none
SchurTransformer.java,org.apache.commons.math3.linear.SchurTransformer,org.pitest.mutationtest.engine.gregor.mutators.ArgumentPropagationMutator,initQRStep,329,SURVIVED,none
SchurTransformer.java,org.apache.commons.math3.linear.SchurTransformer,org.pitest.mutationtest.engine.gregor.mutators.ArgumentPropagationMutator,initQRStep,329,SURVIVED,none
SchurTransformer.java,org.apache.commons.math3.linear.SchurTransformer,org.pitest.mutationtest.engine.gregor.mutators.ArgumentPropagationMutator,initQRStep,329,SURVIVED,none
SchurTransformer.java,org.apache.commons.math3.linear.SchurTransformer,org.pitest.mutationtest.engine.gregor.mutators.ArgumentPropagationMutator,initQRStep,329,SURVIVED,none
SchurTransformer.java,org.apache.commons.math3.linear.SchurTransformer,org.pitest.mutationtest.engine.gregor.mutators.ConditionalsBoundaryMutator,initQRStep,316,SURVIVED,none
SchurTransformer.java,org.apache.commons.math3.linear.SchurTransformer,org.pitest.mutationtest.engine.gregor.mutators.ConditionalsBoundaryMutator,initQRStep,333,SURVIVED,none
SchurTransformer.java,org.apache.commons.math3.linear.SchurTransformer,org.pitest.mutationtest.engine.gregor.mutators.IncrementsMutator,initQRStep,336,KILLED,org.apache.commons.math3.linear.SchurTransformer_ESTest.test6
SchurTransformer.java,org.apache.commons.math3.linear.SchurTransformer,org.pitest.mutationtest.engine.gregor.mutators.InlineConstantMutator,initQRStep,315,SURVIVED,none
SchurTransformer.java,org.apache.commons.math3.linear.SchurTransformer,org.pitest.mutationtest.engine.gregor.mutators.InlineConstantMutator,initQRStep,320,SURVIVED,none
SchurTransformer.java,org.apache.commons.math3.linear.SchurTransformer,org.pitest.mutationtest.engine.gregor.mutators.InlineConstantMutator,initQRStep,320,SURVIVED,none
SchurTransformer.java,org.apache.commons.math3.linear.SchurTransformer,org.pitest.mutationtest.engine.gregor.mutators.InlineConstantMutator,initQRStep,320,SURVIVED,none
SchurTransformer.java,org.apache.commons.math3.linear.SchurTransformer,org.pitest.mutationtest.engine.gregor.mutators.InlineConstantMutator,initQRStep,321,SURVIVED,none
SchurTransformer.java,org.apache.commons.math3.linear.SchurTransformer,org.pitest.mutationtest.engine.gregor.mutators.InlineConstantMutator,initQRStep,321,SURVIVED,none
SchurTransformer.java,org.apache.commons.math3.linear.SchurTransformer,org.pitest.mutationtest.engine.gregor.mutators.InlineConstantMutator,initQRStep,321,SURVIVED,none
SchurTransformer.java,org.apache.commons.math3.linear.SchurTransformer,org.pitest.mutationtest.engine.gregor.mutators.InlineConstantMutator,initQRStep,322,KILLED,org.apache.commons.math3.linear.SchurTransformer_ESTest.test6
SchurTransformer.java,org.apache.commons.math3.linear.SchurTransformer,org.pitest.mutationtest.engine.gregor.mutators.InlineConstantMutator,initQRStep,322,KILLED,org.apache.commons.math3.linear.SchurTransformer_ESTest.test6
SchurTransformer.java,org.apache.commons.math3.linear.SchurTransformer,org.pitest.mutationtest.engine.gregor.mutators.InlineConstantMutator,initQRStep,322,SURVIVED,none
SchurTransformer.java,org.apache.commons.math3.linear.SchurTransformer,org.pitest.mutationtest.engine.gregor.mutators.InlineConstantMutator,initQRStep,328,SURVIVED,none
SchurTransformer.java,org.apache.commons.math3.linear.SchurTransformer,org.pitest.mutationtest.engine.gregor.mutators.InlineConstantMutator,initQRStep,328,SURVIVED,none
SchurTransformer.java,org.apache.commons.math3.linear.SchurTransformer,org.pitest.mutationtest.engine.gregor.mutators.InlineConstantMutator,initQRStep,328,KILLED,org.apache.commons.math3.linear.SchurTransformer_ESTest.test6
SchurTransformer.java,org.apache.commons.math3.linear.SchurTransformer,org.pitest.mutationtest.engine.gregor.mutators.InlineConstantMutator,initQRStep,329,SURVIVED,none
SchurTransformer.java,org.apache.commons.math3.linear.SchurTransformer,org.pitest.mutationtest.engine.gregor.mutators.InlineConstantMutator,initQRStep,329,SURVIVED,none
SchurTransformer.java,org.apache.commons.math3.linear.SchurTransformer,org.pitest.mutationtest.engine.gregor.mutators.InlineConstantMutator,initQRStep,329,SURVIVED,none
SchurTransformer.java,org.apache.commons.math3.linear.SchurTransformer,org.pitest.mutationtest.engine.gregor.mutators.InlineConstantMutator,initQRStep,329,SURVIVED,none
SchurTransformer.java,org.apache.commons.math3.linear.SchurTransformer,org.pitest.mutationtest.engine.gregor.mutators.InlineConstantMutator,initQRStep,329,SURVIVED,none
SchurTransformer.java,org.apache.commons.math3.linear.SchurTransformer,org.pitest.mutationtest.engine.gregor.mutators.MathMutator,initQRStep,315,KILLED,org.apache.commons.math3.linear.SchurTransformer_ESTest.test6
SchurTransformer.java,org.apache.commons.math3.linear.SchurTransformer,org.pitest.mutationtest.engine.gregor.mutators.MathMutator,initQRStep,318,SURVIVED,none
SchurTransformer.java,org.apache.commons.math3.linear.SchurTransformer,org.pitest.mutationtest.engine.gregor.mutators.MathMutator,initQRStep,319,SURVIVED,none
SchurTransformer.java,org.apache.commons.math3.linear.SchurTransformer,org.pitest.mutationtest.engine.gregor.mutators.MathMutator,initQRStep,320,SURVIVED,none
SchurTransformer.java,org.apache.commons.math3.linear.SchurTransformer,org.pitest.mutationtest.engine.gregor.mutators.MathMutator,initQRStep,320,SURVIVED,none
SchurTransformer.java,org.apache.commons.math3.linear.SchurTransformer,org.pitest.mutationtest.engine.gregor.mutators.MathMutator,initQRStep,320,KILLED,org.apache.commons.math3.linear.SchurTransformer_ESTest.test6
SchurTransformer.java,org.apache.commons.math3.linear.SchurTransformer,org.pitest.mutationtest.engine.gregor.mutators.MathMutator,initQRStep,320,SURVIVED,none
SchurTransformer.java,org.apache.commons.math3.linear.SchurTransformer,org.pitest.mutationtest.engine.gregor.mutators.MathMutator,initQRStep,320,KILLED,org.apache.commons.math3.linear.SchurTransformer_ESTest.test6
SchurTransformer.java,org.apache.commons.math3.linear.SchurTransformer,org.pitest.mutationtest.engine.gregor.mutators.MathMutator,initQRStep,320,SURVIVED,none
SchurTransformer.java,org.apache.commons.math3.linear.SchurTransformer,org.pitest.mutationtest.engine.gregor.mutators.MathMutator,initQRStep,321,KILLED,org.apache.commons.math3.linear.SchurTransformer_ESTest.test6
SchurTransformer.java,org.apache.commons.math3.linear.SchurTransformer,org.pitest.mutationtest.engine.gregor.mutators.MathMutator,initQRStep,321,KILLED,org.apache.commons.math3.linear.SchurTransformer_ESTest.test6
SchurTransformer.java,org.apache.commons.math3.linear.SchurTransformer,org.pitest.mutationtest.engine.gregor.mutators.MathMutator,initQRStep,321,SURVIVED,none
SchurTransformer.java,org.apache.commons.math3.linear.SchurTransformer,org.pitest.mutationtest.engine.gregor.mutators.MathMutator,initQRStep,321,SURVIVED,none
SchurTransformer.java,org.apache.commons.math3.linear.SchurTransformer,org.pitest.mutationtest.engine.gregor.mutators.MathMutator,initQRStep,321,SURVIVED,none
SchurTransformer.java,org.apache.commons.math3.linear.SchurTransformer,org.pitest.mutationtest.engine.gregor.mutators.MathMutator,initQRStep,322,KILLED,org.apache.commons.math3.linear.SchurTransformer_ESTest.test6
SchurTransformer.java,org.apache.commons.math3.linear.SchurTransformer,org.pitest.mutationtest.engine.gregor.mutators.MathMutator,initQRStep,322,KILLED,org.apache.commons.math3.linear.SchurTransformer_ESTest.test6
SchurTransformer.java,org.apache.commons.math3.linear.SchurTransformer,org.pitest.mutationtest.engine.gregor.mutators.MathMutator,initQRStep,328,SURVIVED,none
SchurTransformer.java,org.apache.commons.math3.linear.SchurTransformer,org.pitest.mutationtest.engine.gregor.mutators.MathMutator,initQRStep,328,SURVIVED,none
SchurTransformer.java,org.apache.commons.math3.linear.SchurTransformer,org.pitest.mutationtest.engine.gregor.mutators.MathMutator,initQRStep,328,SURVIVED,none
SchurTransformer.java,org.apache.commons.math3.linear.SchurTransformer,org.pitest.mutationtest.engine.gregor.mutators.MathMutator,initQRStep,329,SURVIVED,none
SchurTransformer.java,org.apache.commons.math3.linear.SchurTransformer,org.pitest.mutationtest.engine.gregor.mutators.MathMutator,initQRStep,329,SURVIVED,none
SchurTransformer.java,org.apache.commons.math3.linear.SchurTransformer,org.pitest.mutationtest.engine.gregor.mutators.MathMutator,initQRStep,329,SURVIVED,none
SchurTransformer.java,org.apache.commons.math3.linear.SchurTransformer,org.pitest.mutationtest.engine.gregor.mutators.MathMutator,initQRStep,329,SURVIVED,none
SchurTransformer.java,org.apache.commons.math3.linear.SchurTransformer,org.pitest.mutationtest.engine.gregor.mutators.MathMutator,initQRStep,329,SURVIVED,none
SchurTransformer.java,org.apache.commons.math3.linear.SchurTransformer,org.pitest.mutationtest.engine.gregor.mutators.MathMutator,initQRStep,329,SURVIVED,none
SchurTransformer.java,org.apache.commons.math3.linear.SchurTransformer,org.pitest.mutationtest.engine.gregor.mutators.MathMutator,initQRStep,329,SURVIVED,none
SchurTransformer.java,org.apache.commons.math3.linear.SchurTransformer,org.pitest.mutationtest.engine.gregor.mutators.MathMutator,initQRStep,333,SURVIVED,none
SchurTransformer.java,org.apache.commons.math3.linear.SchurTransformer,org.pitest.mutationtest.engine.gregor.mutators.NegateConditionalsMutator,initQRStep,316,SURVIVED,none
SchurTransformer.java,org.apache.commons.math3.linear.SchurTransformer,org.pitest.mutationtest.engine.gregor.mutators.NegateConditionalsMutator,initQRStep,324,SURVIVED,none
SchurTransformer.java,org.apache.commons.math3.linear.SchurTransformer,org.pitest.mutationtest.engine.gregor.mutators.NegateConditionalsMutator,initQRStep,333,SURVIVED,none
SchurTransformer.java,org.apache.commons.math3.linear.SchurTransformer,org.pitest.mutationtest.engine.gregor.mutators.NonVoidMethodCallMutator,initQRStep,328,SURVIVED,none
SchurTransformer.java,org.apache.commons.math3.linear.SchurTransformer,org.pitest.mutationtest.engine.gregor.mutators.NonVoidMethodCallMutator,initQRStep,328,SURVIVED,none
SchurTransformer.java,org.apache.commons.math3.linear.SchurTransformer,org.pitest.mutationtest.engine.gregor.mutators.NonVoidMethodCallMutator,initQRStep,328,SURVIVED,none
SchurTransformer.java,org.apache.commons.math3.linear.SchurTransformer,org.pitest.mutationtest.engine.gregor.mutators.NonVoidMethodCallMutator,initQRStep,329,SURVIVED,none
SchurTransformer.java,org.apache.commons.math3.linear.SchurTransformer,org.pitest.mutationtest.engine.gregor.mutators.NonVoidMethodCallMutator,initQRStep,329,SURVIVED,none
SchurTransformer.java,org.apache.commons.math3.linear.SchurTransformer,org.pitest.mutationtest.engine.gregor.mutators.NonVoidMethodCallMutator,initQRStep,329,SURVIVED,none
SchurTransformer.java,org.apache.commons.math3.linear.SchurTransformer,org.pitest.mutationtest.engine.gregor.mutators.NonVoidMethodCallMutator,initQRStep,329,SURVIVED,none
SchurTransformer.java,org.apache.commons.math3.linear.SchurTransformer,org.pitest.mutationtest.engine.gregor.mutators.PrimitiveReturnsMutator,initQRStep,339,SURVIVED,none
SchurTransformer.java,org.apache.commons.math3.linear.SchurTransformer,org.pitest.mutationtest.engine.gregor.mutators.RemoveConditionalMutator_EQUAL_ELSE,initQRStep,324,KILLED,org.apache.commons.math3.linear.SchurTransformer_ESTest.test6
SchurTransformer.java,org.apache.commons.math3.linear.SchurTransformer,org.pitest.mutationtest.engine.gregor.mutators.RemoveConditionalMutator_EQUAL_IF,initQRStep,324,SURVIVED,none
SchurTransformer.java,org.apache.commons.math3.linear.SchurTransformer,org.pitest.mutationtest.engine.gregor.mutators.RemoveConditionalMutator_ORDER_ELSE,initQRStep,316,SURVIVED,none
SchurTransformer.java,org.apache.commons.math3.linear.SchurTransformer,org.pitest.mutationtest.engine.gregor.mutators.RemoveConditionalMutator_ORDER_ELSE,initQRStep,333,SURVIVED,none
SchurTransformer.java,org.apache.commons.math3.linear.SchurTransformer,org.pitest.mutationtest.engine.gregor.mutators.RemoveConditionalMutator_ORDER_IF,initQRStep,316,SURVIVED,none
SchurTransformer.java,org.apache.commons.math3.linear.SchurTransformer,org.pitest.mutationtest.engine.gregor.mutators.RemoveConditionalMutator_ORDER_IF,initQRStep,333,SURVIVED,none
SchurTransformer.java,org.apache.commons.math3.linear.SchurTransformer,org.pitest.mutationtest.engine.gregor.mutators.ReturnValsMutator,initQRStep,339,SURVIVED,none
SchurTransformer.java,org.apache.commons.math3.linear.SchurTransformer,org.pitest.mutationtest.engine.gregor.mutators.experimental.RemoveIncrementsMutator,initQRStep,336,KILLED,org.apache.commons.math3.linear.SchurTransformer_ESTest.test6
SchurTransformer.java,org.apache.commons.math3.linear.SchurTransformer,org.pitest.mutationtest.engine.gregor.mutators.ArgumentPropagationMutator,performDoubleQRStep,365,SURVIVED,none
SchurTransformer.java,org.apache.commons.math3.linear.SchurTransformer,org.pitest.mutationtest.engine.gregor.mutators.ArgumentPropagationMutator,performDoubleQRStep,365,SURVIVED,none
SchurTransformer.java,org.apache.commons.math3.linear.SchurTransformer,org.pitest.mutationtest.engine.gregor.mutators.ArgumentPropagationMutator,performDoubleQRStep,365,SURVIVED,none
SchurTransformer.java,org.apache.commons.math3.linear.SchurTransformer,org.pitest.mutationtest.engine.gregor.mutators.ArgumentPropagationMutator,performDoubleQRStep,373,SURVIVED,none
SchurTransformer.java,org.apache.commons.math3.linear.SchurTransformer,org.pitest.mutationtest.engine.gregor.mutators.ArgumentPropagationMutator,performDoubleQRStep,402,KILLED,org.apache.commons.math3.linear.SchurTransformer_ESTest.test6
SchurTransformer.java,org.apache.commons.math3.linear.SchurTransformer,org.pitest.mutationtest.engine.gregor.mutators.ConditionalsBoundaryMutator,performDoubleQRStep,359,SURVIVED,none
SchurTransformer.java,org.apache.commons.math3.linear.SchurTransformer,org.pitest.mutationtest.engine.gregor.mutators.ConditionalsBoundaryMutator,performDoubleQRStep,374,SURVIVED,none
SchurTransformer.java,org.apache.commons.math3.linear.SchurTransformer,org.pitest.mutationtest.engine.gregor.mutators.ConditionalsBoundaryMutator,performDoubleQRStep,391,KILLED,org.apache.commons.math3.linear.SchurTransformer_ESTest.test6
SchurTransformer.java,org.apache.commons.math3.linear.SchurTransformer,org.pitest.mutationtest.engine.gregor.mutators.ConditionalsBoundaryMutator,performDoubleQRStep,402,SURVIVED,none
SchurTransformer.java,org.apache.commons.math3.linear.SchurTransformer,org.pitest.mutationtest.engine.gregor.mutators.ConditionalsBoundaryMutator,performDoubleQRStep,414,SURVIVED,none
SchurTransformer.java,org.apache.commons.math3.linear.SchurTransformer,org.pitest.mutationtest.engine.gregor.mutators.ConditionalsBoundaryMutator,performDoubleQRStep,427,SURVIVED,none
SchurTransformer.java,org.apache.commons.math3.linear.SchurTransformer,org.pitest.mutationtest.engine.gregor.mutators.ConditionalsBoundaryMutator,performDoubleQRStep,429,KILLED,org.apache.commons.math3.linear.SchurTransformer_ESTest.test6
SchurTransformer.java,org.apache.commons.math3.linear.SchurTransformer,org.pitest.mutationtest.engine.gregor.mutators.IncrementsMutator,performDoubleQRStep,391,KILLED,org.apache.commons.math3.linear.SchurTransformer_ESTest.test6
SchurTransformer.java,org.apache.commons.math3.linear.SchurTransformer,org.pitest.mutationtest.engine.gregor.mutators.IncrementsMutator,performDoubleQRStep,402,KILLED,org.apache.commons.math3.linear.SchurTransformer_ESTest.test6
SchurTransformer.java,org.apache.commons.math3.linear.SchurTransformer,org.pitest.mutationtest.engine.gregor.mutators.IncrementsMutator,performDoubleQRStep,414,KILLED,org.apache.commons.math3.linear.SchurTransformer_ESTest.test6
SchurTransformer.java,org.apache.commons.math3.linear.SchurTransformer,org.pitest.mutationtest.engine.gregor.mutators.IncrementsMutator,performDoubleQRStep,359,KILLED,org.apache.commons.math3.linear.SchurTransformer_ESTest.test6
SchurTransformer.java,org.apache.commons.math3.linear.SchurTransformer,org.pitest.mutationtest.engine.gregor.mutators.IncrementsMutator,performDoubleQRStep,427,KILLED,org.apache.commons.math3.linear.SchurTransformer_ESTest.test6
SchurTransformer.java,org.apache.commons.math3.linear.SchurTransformer,org.pitest.mutationtest.engine.gregor.mutators.InlineConstantMutator,performDoubleQRStep,355,SURVIVED,none
SchurTransformer.java,org.apache.commons.math3.linear.SchurTransformer,org.pitest.mutationtest.engine.gregor.mutators.InlineConstantMutator,performDoubleQRStep,356,SURVIVED,none
SchurTransformer.java,org.apache.commons.math3.linear.SchurTransformer,org.pitest.mutationtest.engine.gregor.mutators.InlineConstantMutator,performDoubleQRStep,357,KILLED,org.apache.commons.math3.linear.SchurTransformer_ESTest.test6
SchurTransformer.java,org.apache.commons.math3.linear.SchurTransformer,org.pitest.mutationtest.engine.gregor.mutators.InlineConstantMutator,performDoubleQRStep,359,KILLED,org.apache.commons.math3.linear.SchurTransformer_ESTest.test6
SchurTransformer.java,org.apache.commons.math3.linear.SchurTransformer,org.pitest.mutationtest.engine.gregor.mutators.InlineConstantMutator,performDoubleQRStep,360,KILLED,org.apache.commons.math3.linear.SchurTransformer_ESTest.test6
SchurTransformer.java,org.apache.commons.math3.linear.SchurTransformer,org.pitest.mutationtest.engine.gregor.mutators.InlineConstantMutator,performDoubleQRStep,360,SURVIVED,none
SchurTransformer.java,org.apache.commons.math3.linear.SchurTransformer,org.pitest.mutationtest.engine.gregor.mutators.InlineConstantMutator,performDoubleQRStep,360,KILLED,org.apache.commons.math3.linear.SchurTransformer_ESTest.test6
SchurTransformer.java,org.apache.commons.math3.linear.SchurTransformer,org.pitest.mutationtest.engine.gregor.mutators.InlineConstantMutator,performDoubleQRStep,362,SURVIVED,none
SchurTransformer.java,org.apache.commons.math3.linear.SchurTransformer,org.pitest.mutationtest.engine.gregor.mutators.InlineConstantMutator,performDoubleQRStep,363,SURVIVED,none
SchurTransformer.java,org.apache.commons.math3.linear.SchurTransformer,org.pitest.mutationtest.engine.gregor.mutators.InlineConstantMutator,performDoubleQRStep,363,SURVIVED,none
SchurTransformer.java,org.apache.commons.math3.linear.SchurTransformer,org.pitest.mutationtest.engine.gregor.mutators.InlineConstantMutator,performDoubleQRStep,364,KILLED,org.apache.commons.math3.linear.SchurTransformer_ESTest.test6
SchurTransformer.java,org.apache.commons.math3.linear.SchurTransformer,org.pitest.mutationtest.engine.gregor.mutators.InlineConstantMutator,performDoubleQRStep,364,SURVIVED,none
SchurTransformer.java,org.apache.commons.math3.linear.SchurTransformer,org.pitest.mutationtest.engine.gregor.mutators.InlineConstantMutator,performDoubleQRStep,364,SURVIVED,none
SchurTransformer.java,org.apache.commons.math3.linear.SchurTransformer,org.pitest.mutationtest.engine.gregor.mutators.InlineConstantMutator,performDoubleQRStep,366,SURVIVED,none
SchurTransformer.java,org.apache.commons.math3.linear.SchurTransformer,org.pitest.mutationtest.engine.gregor.mutators.InlineConstantMutator,performDoubleQRStep,374,SURVIVED,none
SchurTransformer.java,org.apache.commons.math3.linear.SchurTransformer,org.pitest.mutationtest.engine.gregor.mutators.InlineConstantMutator,performDoubleQRStep,377,SURVIVED,none
SchurTransformer.java,org.apache.commons.math3.linear.SchurTransformer,org.pitest.mutationtest.engine.gregor.mutators.InlineConstantMutator,performDoubleQRStep,379,SURVIVED,none
SchurTransformer.java,org.apache.commons.math3.linear.SchurTransformer,org.pitest.mutationtest.engine.gregor.mutators.InlineConstantMutator,performDoubleQRStep,381,NO_COVERAGE,none
SchurTransformer.java,org.apache.commons.math3.linear.SchurTransformer,org.pitest.mutationtest.engine.gregor.mutators.InlineConstantMutator,performDoubleQRStep,381,NO_COVERAGE,none
SchurTransformer.java,org.apache.commons.math3.linear.SchurTransformer,org.pitest.mutationtest.engine.gregor.mutators.InlineConstantMutator,performDoubleQRStep,392,SURVIVED,none
SchurTransformer.java,org.apache.commons.math3.linear.SchurTransformer,org.pitest.mutationtest.engine.gregor.mutators.InlineConstantMutator,performDoubleQRStep,394,KILLED,org.apache.commons.math3.linear.SchurTransformer_ESTest.test6
SchurTransformer.java,org.apache.commons.math3.linear.SchurTransformer,org.pitest.mutationtest.engine.gregor.mutators.InlineConstantMutator,performDoubleQRStep,395,KILLED,org.apache.commons.math3.linear.SchurTransformer_ESTest.test6
SchurTransformer.java,org.apache.commons.math3.linear.SchurTransformer,org.pitest.mutationtest.engine.gregor.mutators.InlineConstantMutator,performDoubleQRStep,398,SURVIVED,none
SchurTransformer.java,org.apache.commons.math3.linear.SchurTransformer,org.pitest.mutationtest.engine.gregor.mutators.InlineConstantMutator,performDoubleQRStep,402,SURVIVED,none
SchurTransformer.java,org.apache.commons.math3.linear.SchurTransformer,org.pitest.mutationtest.engine.gregor.mutators.InlineConstantMutator,performDoubleQRStep,402,SURVIVED,none
SchurTransformer.java,org.apache.commons.math3.linear.SchurTransformer,org.pitest.mutationtest.engine.gregor.mutators.InlineConstantMutator,performDoubleQRStep,403,SURVIVED,none
SchurTransformer.java,org.apache.commons.math3.linear.SchurTransformer,org.pitest.mutationtest.engine.gregor.mutators.InlineConstantMutator,performDoubleQRStep,405,KILLED,org.apache.commons.math3.linear.SchurTransformer_ESTest.test6
SchurTransformer.java,org.apache.commons.math3.linear.SchurTransformer,org.pitest.mutationtest.engine.gregor.mutators.InlineConstantMutator,performDoubleQRStep,406,KILLED,org.apache.commons.math3.linear.SchurTransformer_ESTest.test6
SchurTransformer.java,org.apache.commons.math3.linear.SchurTransformer,org.pitest.mutationtest.engine.gregor.mutators.InlineConstantMutator,performDoubleQRStep,409,SURVIVED,none
SchurTransformer.java,org.apache.commons.math3.linear.SchurTransformer,org.pitest.mutationtest.engine.gregor.mutators.InlineConstantMutator,performDoubleQRStep,413,KILLED,org.apache.commons.math3.linear.SchurTransformer_ESTest.test6
SchurTransformer.java,org.apache.commons.math3.linear.SchurTransformer,org.pitest.mutationtest.engine.gregor.mutators.InlineConstantMutator,performDoubleQRStep,414,SURVIVED,none
SchurTransformer.java,org.apache.commons.math3.linear.SchurTransformer,org.pitest.mutationtest.engine.gregor.mutators.InlineConstantMutator,performDoubleQRStep,415,SURVIVED,none
SchurTransformer.java,org.apache.commons.math3.linear.SchurTransformer,org.pitest.mutationtest.engine.gregor.mutators.InlineConstantMutator,performDoubleQRStep,417,KILLED,org.apache.commons.math3.linear.SchurTransformer_ESTest.test6
SchurTransformer.java,org.apache.commons.math3.linear.SchurTransformer,org.pitest.mutationtest.engine.gregor.mutators.InlineConstantMutator,performDoubleQRStep,418,KILLED,org.apache.commons.math3.linear.SchurTransformer_ESTest.test6
SchurTransformer.java,org.apache.commons.math3.linear.SchurTransformer,org.pitest.mutationtest.engine.gregor.mutators.InlineConstantMutator,performDoubleQRStep,421,SURVIVED,none
SchurTransformer.java,org.apache.commons.math3.linear.SchurTransformer,org.pitest.mutationtest.engine.gregor.mutators.InlineConstantMutator,performDoubleQRStep,427,SURVIVED,none
SchurTransformer.java,org.apache.commons.math3.linear.SchurTransformer,org.pitest.mutationtest.engine.gregor.mutators.InlineConstantMutator,performDoubleQRStep,428,KILLED,org.apache.commons.math3.linear.SchurTransformer_ESTest.test6
SchurTransformer.java,org.apache.commons.math3.linear.SchurTransformer,org.pitest.mutationtest.engine.gregor.mutators.InlineConstantMutator,performDoubleQRStep,428,SURVIVED,none
SchurTransformer.java,org.apache.commons.math3.linear.SchurTransformer,org.pitest.mutationtest.engine.gregor.mutators.InlineConstantMutator,performDoubleQRStep,429,SURVIVED,none
SchurTransformer.java,org.apache.commons.math3.linear.SchurTransformer,org.pitest.mutationtest.engine.gregor.mutators.InlineConstantMutator,performDoubleQRStep,430,KILLED,org.apache.commons.math3.linear.SchurTransformer_ESTest.test6
SchurTransformer.java,org.apache.commons.math3.linear.SchurTransformer,org.pitest.mutationtest.engine.gregor.mutators.InlineConstantMutator,performDoubleQRStep,430,SURVIVED,none
SchurTransformer.java,org.apache.commons.math3.linear.SchurTransformer,org.pitest.mutationtest.engine.gregor.mutators.InvertNegsMutator,performDoubleQRStep,375,NO_COVERAGE,none
SchurTransformer.java,org.apache.commons.math3.linear.SchurTransformer,org.pitest.mutationtest.engine.gregor.mutators.InvertNegsMutator,performDoubleQRStep,379,SURVIVED,none
SchurTransformer.java,org.apache.commons.math3.linear.SchurTransformer,org.pitest.mutationtest.engine.gregor.mutators.InvertNegsMutator,performDoubleQRStep,381,NO_COVERAGE,none
SchurTransformer.java,org.apache.commons.math3.linear.SchurTransformer,org.pitest.mutationtest.engine.gregor.mutators.MathMutator,performDoubleQRStep,359,KILLED,org.apache.commons.math3.linear.SchurTransformer_ESTest.test6
SchurTransformer.java,org.apache.commons.math3.linear.SchurTransformer,org.pitest.mutationtest.engine.gregor.mutators.MathMutator,performDoubleQRStep,360,KILLED,org.apache.commons.math3.linear.SchurTransformer_ESTest.test6
SchurTransformer.java,org.apache.commons.math3.linear.SchurTransformer,org.pitest.mutationtest.engine.gregor.mutators.MathMutator,performDoubleQRStep,362,SURVIVED,none
SchurTransformer.java,org.apache.commons.math3.linear.SchurTransformer,org.pitest.mutationtest.engine.gregor.mutators.MathMutator,performDoubleQRStep,363,SURVIVED,none
SchurTransformer.java,org.apache.commons.math3.linear.SchurTransformer,org.pitest.mutationtest.engine.gregor.mutators.MathMutator,performDoubleQRStep,363,SURVIVED,none
SchurTransformer.java,org.apache.commons.math3.linear.SchurTransformer,org.pitest.mutationtest.engine.gregor.mutators.MathMutator,performDoubleQRStep,364,KILLED,org.apache.commons.math3.linear.SchurTransformer_ESTest.test6
SchurTransformer.java,org.apache.commons.math3.linear.SchurTransformer,org.pitest.mutationtest.engine.gregor.mutators.MathMutator,performDoubleQRStep,364,SURVIVED,none
SchurTransformer.java,org.apache.commons.math3.linear.SchurTransformer,org.pitest.mutationtest.engine.gregor.mutators.MathMutator,performDoubleQRStep,365,SURVIVED,none
SchurTransformer.java,org.apache.commons.math3.linear.SchurTransformer,org.pitest.mutationtest.engine.gregor.mutators.MathMutator,performDoubleQRStep,365,SURVIVED,none
SchurTransformer.java,org.apache.commons.math3.linear.SchurTransformer,org.pitest.mutationtest.engine.gregor.mutators.MathMutator,performDoubleQRStep,369,SURVIVED,none
SchurTransformer.java,org.apache.commons.math3.linear.SchurTransformer,org.pitest.mutationtest.engine.gregor.mutators.MathMutator,performDoubleQRStep,370,SURVIVED,none
SchurTransformer.java,org.apache.commons.math3.linear.SchurTransformer,org.pitest.mutationtest.engine.gregor.mutators.MathMutator,performDoubleQRStep,371,SURVIVED,none
SchurTransformer.java,org.apache.commons.math3.linear.SchurTransformer,org.pitest.mutationtest.engine.gregor.mutators.MathMutator,performDoubleQRStep,373,SURVIVED,none
SchurTransformer.java,org.apache.commons.math3.linear.SchurTransformer,org.pitest.mutationtest.engine.gregor.mutators.MathMutator,performDoubleQRStep,373,SURVIVED,none
SchurTransformer.java,org.apache.commons.math3.linear.SchurTransformer,org.pitest.mutationtest.engine.gregor.mutators.MathMutator,performDoubleQRStep,373,SURVIVED,none
SchurTransformer.java,org.apache.commons.math3.linear.SchurTransformer,org.pitest.mutationtest.engine.gregor.mutators.MathMutator,performDoubleQRStep,373,SURVIVED,none
SchurTransformer.java,org.apache.commons.math3.linear.SchurTransformer,org.pitest.mutationtest.engine.gregor.mutators.MathMutator,performDoubleQRStep,373,SURVIVED,none
SchurTransformer.java,org.apache.commons.math3.linear.SchurTransformer,org.pitest.mutationtest.engine.gregor.mutators.MathMutator,performDoubleQRStep,379,SURVIVED,none
SchurTransformer.java,org.apache.commons.math3.linear.SchurTransformer,org.pitest.mutationtest.engine.gregor.mutators.MathMutator,performDoubleQRStep,379,SURVIVED,none
SchurTransformer.java,org.apache.commons.math3.linear.SchurTransformer,org.pitest.mutationtest.engine.gregor.mutators.MathMutator,performDoubleQRStep,381,NO_COVERAGE,none
SchurTransformer.java,org.apache.commons.math3.linear.SchurTransformer,org.pitest.mutationtest.engine.gregor.mutators.MathMutator,performDoubleQRStep,381,NO_COVERAGE,none
SchurTransformer.java,org.apache.commons.math3.linear.SchurTransformer,org.pitest.mutationtest.engine.gregor.mutators.MathMutator,performDoubleQRStep,383,SURVIVED,none
SchurTransformer.java,org.apache.commons.math3.linear.SchurTransformer,org.pitest.mutationtest.engine.gregor.mutators.MathMutator,performDoubleQRStep,384,SURVIVED,none
SchurTransformer.java,org.apache.commons.math3.linear.SchurTransformer,org.pitest.mutationtest.engine.gregor.mutators.MathMutator,performDoubleQRStep,385,SURVIVED,none
SchurTransformer.java,org.apache.commons.math3.linear.SchurTransformer,org.pitest.mutationtest.engine.gregor.mutators.MathMutator,performDoubleQRStep,386,SURVIVED,none
SchurTransformer.java,org.apache.commons.math3.linear.SchurTransformer,org.pitest.mutationtest.engine.gregor.mutators.MathMutator,performDoubleQRStep,387,SURVIVED,none
SchurTransformer.java,org.apache.commons.math3.linear.SchurTransformer,org.pitest.mutationtest.engine.gregor.mutators.MathMutator,performDoubleQRStep,388,SURVIVED,none
SchurTransformer.java,org.apache.commons.math3.linear.SchurTransformer,org.pitest.mutationtest.engine.gregor.mutators.MathMutator,performDoubleQRStep,392,KILLED,org.apache.commons.math3.linear.SchurTransformer_ESTest.test6
SchurTransformer.java,org.apache.commons.math3.linear.SchurTransformer,org.pitest.mutationtest.engine.gregor.mutators.MathMutator,performDoubleQRStep,392,SURVIVED,none
SchurTransformer.java,org.apache.commons.math3.linear.SchurTransformer,org.pitest.mutationtest.engine.gregor.mutators.MathMutator,performDoubleQRStep,392,SURVIVED,none
SchurTransformer.java,org.apache.commons.math3.linear.SchurTransformer,org.pitest.mutationtest.engine.gregor.mutators.MathMutator,performDoubleQRStep,394,KILLED,org.apache.commons.math3.linear.SchurTransformer_ESTest.test6
SchurTransformer.java,org.apache.commons.math3.linear.SchurTransformer,org.pitest.mutationtest.engine.gregor.mutators.MathMutator,performDoubleQRStep,394,SURVIVED,none
SchurTransformer.java,org.apache.commons.math3.linear.SchurTransformer,org.pitest.mutationtest.engine.gregor.mutators.MathMutator,performDoubleQRStep,394,SURVIVED,none
SchurTransformer.java,org.apache.commons.math3.linear.SchurTransformer,org.pitest.mutationtest.engine.gregor.mutators.MathMutator,performDoubleQRStep,395,KILLED,org.apache.commons.math3.linear.SchurTransformer_ESTest.test6
SchurTransformer.java,org.apache.commons.math3.linear.SchurTransformer,org.pitest.mutationtest.engine.gregor.mutators.MathMutator,performDoubleQRStep,395,SURVIVED,none
SchurTransformer.java,org.apache.commons.math3.linear.SchurTransformer,org.pitest.mutationtest.engine.gregor.mutators.MathMutator,performDoubleQRStep,395,SURVIVED,none
SchurTransformer.java,org.apache.commons.math3.linear.SchurTransformer,org.pitest.mutationtest.engine.gregor.mutators.MathMutator,performDoubleQRStep,397,SURVIVED,none
SchurTransformer.java,org.apache.commons.math3.linear.SchurTransformer,org.pitest.mutationtest.engine.gregor.mutators.MathMutator,performDoubleQRStep,397,SURVIVED,none
SchurTransformer.java,org.apache.commons.math3.linear.SchurTransformer,org.pitest.mutationtest.engine.gregor.mutators.MathMutator,performDoubleQRStep,398,KILLED,org.apache.commons.math3.linear.SchurTransformer_ESTest.test6
SchurTransformer.java,org.apache.commons.math3.linear.SchurTransformer,org.pitest.mutationtest.engine.gregor.mutators.MathMutator,performDoubleQRStep,398,SURVIVED,none
SchurTransformer.java,org.apache.commons.math3.linear.SchurTransformer,org.pitest.mutationtest.engine.gregor.mutators.MathMutator,performDoubleQRStep,398,SURVIVED,none
SchurTransformer.java,org.apache.commons.math3.linear.SchurTransformer,org.pitest.mutationtest.engine.gregor.mutators.MathMutator,performDoubleQRStep,402,SURVIVED,none
SchurTransformer.java,org.apache.commons.math3.linear.SchurTransformer,org.pitest.mutationtest.engine.gregor.mutators.MathMutator,performDoubleQRStep,403,SURVIVED,none
SchurTransformer.java,org.apache.commons.math3.linear.SchurTransformer,org.pitest.mutationtest.engine.gregor.mutators.MathMutator,performDoubleQRStep,403,KILLED,org.apache.commons.math3.linear.SchurTransformer_ESTest.test6
SchurTransformer.java,org.apache.commons.math3.linear.SchurTransformer,org.pitest.mutationtest.engine.gregor.mutators.MathMutator,performDoubleQRStep,403,SURVIVED,none
SchurTransformer.java,org.apache.commons.math3.linear.SchurTransformer,org.pitest.mutationtest.engine.gregor.mutators.MathMutator,performDoubleQRStep,403,SURVIVED,none
SchurTransformer.java,org.apache.commons.math3.linear.SchurTransformer,org.pitest.mutationtest.engine.gregor.mutators.MathMutator,performDoubleQRStep,405,KILLED,org.apache.commons.math3.linear.SchurTransformer_ESTest.test6
SchurTransformer.java,org.apache.commons.math3.linear.SchurTransformer,org.pitest.mutationtest.engine.gregor.mutators.MathMutator,performDoubleQRStep,405,SURVIVED,none
SchurTransformer.java,org.apache.commons.math3.linear.SchurTransformer,org.pitest.mutationtest.engine.gregor.mutators.MathMutator,performDoubleQRStep,405,SURVIVED,none
SchurTransformer.java,org.apache.commons.math3.linear.SchurTransformer,org.pitest.mutationtest.engine.gregor.mutators.MathMutator,performDoubleQRStep,406,KILLED,org.apache.commons.math3.linear.SchurTransformer_ESTest.test6
SchurTransformer.java,org.apache.commons.math3.linear.SchurTransformer,org.pitest.mutationtest.engine.gregor.mutators.MathMutator,performDoubleQRStep,406,SURVIVED,none
SchurTransformer.java,org.apache.commons.math3.linear.SchurTransformer,org.pitest.mutationtest.engine.gregor.mutators.MathMutator,performDoubleQRStep,406,SURVIVED,none
SchurTransformer.java,org.apache.commons.math3.linear.SchurTransformer,org.pitest.mutationtest.engine.gregor.mutators.MathMutator,performDoubleQRStep,408,SURVIVED,none
SchurTransformer.java,org.apache.commons.math3.linear.SchurTransformer,org.pitest.mutationtest.engine.gregor.mutators.MathMutator,performDoubleQRStep,409,KILLED,org.apache.commons.math3.linear.SchurTransformer_ESTest.test6
SchurTransformer.java,org.apache.commons.math3.linear.SchurTransformer,org.pitest.mutationtest.engine.gregor.mutators.MathMutator,performDoubleQRStep,409,SURVIVED,none
SchurTransformer.java,org.apache.commons.math3.linear.SchurTransformer,org.pitest.mutationtest.engine.gregor.mutators.MathMutator,performDoubleQRStep,409,SURVIVED,none
SchurTransformer.java,org.apache.commons.math3.linear.SchurTransformer,org.pitest.mutationtest.engine.gregor.mutators.MathMutator,performDoubleQRStep,413,KILLED,org.apache.commons.math3.linear.SchurTransformer_ESTest.test6
SchurTransformer.java,org.apache.commons.math3.linear.SchurTransformer,org.pitest.mutationtest.engine.gregor.mutators.MathMutator,performDoubleQRStep,415,SURVIVED,none
SchurTransformer.java,org.apache.commons.math3.linear.SchurTransformer,org.pitest.mutationtest.engine.gregor.mutators.MathMutator,performDoubleQRStep,415,KILLED,org.apache.commons.math3.linear.SchurTransformer_ESTest.test6
SchurTransformer.java,org.apache.commons.math3.linear.SchurTransformer,org.pitest.mutationtest.engine.gregor.mutators.MathMutator,performDoubleQRStep,415,SURVIVED,none
SchurTransformer.java,org.apache.commons.math3.linear.SchurTransformer,org.pitest.mutationtest.engine.gregor.mutators.MathMutator,performDoubleQRStep,415,SURVIVED,none
SchurTransformer.java,org.apache.commons.math3.linear.SchurTransformer,org.pitest.mutationtest.engine.gregor.mutators.MathMutator,performDoubleQRStep,417,KILLED,org.apache.commons.math3.linear.SchurTransformer_ESTest.test6
SchurTransformer.java,org.apache.commons.math3.linear.SchurTransformer,org.pitest.mutationtest.engine.gregor.mutators.MathMutator,performDoubleQRStep,417,SURVIVED,none
SchurTransformer.java,org.apache.commons.math3.linear.SchurTransformer,org.pitest.mutationtest.engine.gregor.mutators.MathMutator,performDoubleQRStep,417,SURVIVED,none
SchurTransformer.java,org.apache.commons.math3.linear.SchurTransformer,org.pitest.mutationtest.engine.gregor.mutators.MathMutator,performDoubleQRStep,418,KILLED,org.apache.commons.math3.linear.SchurTransformer_ESTest.test6
SchurTransformer.java,org.apache.commons.math3.linear.SchurTransformer,org.pitest.mutationtest.engine.gregor.mutators.MathMutator,performDoubleQRStep,418,SURVIVED,none
SchurTransformer.java,org.apache.commons.math3.linear.SchurTransformer,org.pitest.mutationtest.engine.gregor.mutators.MathMutator,performDoubleQRStep,418,SURVIVED,none
SchurTransformer.java,org.apache.commons.math3.linear.SchurTransformer,org.pitest.mutationtest.engine.gregor.mutators.MathMutator,performDoubleQRStep,420,SURVIVED,none
SchurTransformer.java,org.apache.commons.math3.linear.SchurTransformer,org.pitest.mutationtest.engine.gregor.mutators.MathMutator,performDoubleQRStep,421,KILLED,org.apache.commons.math3.linear.SchurTransformer_ESTest.test6
SchurTransformer.java,org.apache.commons.math3.linear.SchurTransformer,org.pitest.mutationtest.engine.gregor.mutators.MathMutator,performDoubleQRStep,421,SURVIVED,none
SchurTransformer.java,org.apache.commons.math3.linear.SchurTransformer,org.pitest.mutationtest.engine.gregor.mutators.MathMutator,performDoubleQRStep,421,SURVIVED,none
SchurTransformer.java,org.apache.commons.math3.linear.SchurTransformer,org.pitest.mutationtest.engine.gregor.mutators.MathMutator,performDoubleQRStep,427,KILLED,org.apache.commons.math3.linear.SchurTransformer_ESTest.test6
SchurTransformer.java,org.apache.commons.math3.linear.SchurTransformer,org.pitest.mutationtest.engine.gregor.mutators.MathMutator,performDoubleQRStep,428,KILLED,org.apache.commons.math3.linear.SchurTransformer_ESTest.test6
SchurTransformer.java,org.apache.commons.math3.linear.SchurTransformer,org.pitest.mutationtest.engine.gregor.mutators.MathMutator,performDoubleQRStep,429,KILLED,org.apache.commons.math3.linear.SchurTransformer_ESTest.test6
SchurTransformer.java,org.apache.commons.math3.linear.SchurTransformer,org.pitest.mutationtest.engine.gregor.mutators.MathMutator,performDoubleQRStep,430,KILLED,org.apache.commons.math3.linear.SchurTransformer_ESTest.test6
SchurTransformer.java,org.apache.commons.math3.linear.SchurTransformer,org.pitest.mutationtest.engine.gregor.mutators.NegateConditionalsMutator,performDoubleQRStep,359,SURVIVED,none
SchurTransformer.java,org.apache.commons.math3.linear.SchurTransformer,org.pitest.mutationtest.engine.gregor.mutators.NegateConditionalsMutator,performDoubleQRStep,360,KILLED,org.apache.commons.math3.linear.SchurTransformer_ESTest.test6
SchurTransformer.java,org.apache.commons.math3.linear.SchurTransformer,org.pitest.mutationtest.engine.gregor.mutators.NegateConditionalsMutator,performDoubleQRStep,361,KILLED,org.apache.commons.math3.linear.SchurTransformer_ESTest.test6
SchurTransformer.java,org.apache.commons.math3.linear.SchurTransformer,org.pitest.mutationtest.engine.gregor.mutators.NegateConditionalsMutator,performDoubleQRStep,364,KILLED,org.apache.commons.math3.linear.SchurTransformer_ESTest.test6
SchurTransformer.java,org.apache.commons.math3.linear.SchurTransformer,org.pitest.mutationtest.engine.gregor.mutators.NegateConditionalsMutator,performDoubleQRStep,366,SURVIVED,none
SchurTransformer.java,org.apache.commons.math3.linear.SchurTransformer,org.pitest.mutationtest.engine.gregor.mutators.NegateConditionalsMutator,performDoubleQRStep,374,SURVIVED,none
SchurTransformer.java,org.apache.commons.math3.linear.SchurTransformer,org.pitest.mutationtest.engine.gregor.mutators.NegateConditionalsMutator,performDoubleQRStep,377,SURVIVED,none
SchurTransformer.java,org.apache.commons.math3.linear.SchurTransformer,org.pitest.mutationtest.engine.gregor.mutators.NegateConditionalsMutator,performDoubleQRStep,378,KILLED,org.apache.commons.math3.linear.SchurTransformer_ESTest.test6
SchurTransformer.java,org.apache.commons.math3.linear.SchurTransformer,org.pitest.mutationtest.engine.gregor.mutators.NegateConditionalsMutator,performDoubleQRStep,380,KILLED,org.apache.commons.math3.linear.SchurTransformer_ESTest.test6
SchurTransformer.java,org.apache.commons.math3.linear.SchurTransformer,org.pitest.mutationtest.engine.gregor.mutators.NegateConditionalsMutator,performDoubleQRStep,391,SURVIVED,none
SchurTransformer.java,org.apache.commons.math3.linear.SchurTransformer,org.pitest.mutationtest.engine.gregor.mutators.NegateConditionalsMutator,performDoubleQRStep,393,KILLED,org.apache.commons.math3.linear.SchurTransformer_ESTest.test6
SchurTransformer.java,org.apache.commons.math3.linear.SchurTransformer,org.pitest.mutationtest.engine.gregor.mutators.NegateConditionalsMutator,performDoubleQRStep,402,SURVIVED,none
SchurTransformer.java,org.apache.commons.math3.linear.SchurTransformer,org.pitest.mutationtest.engine.gregor.mutators.NegateConditionalsMutator,performDoubleQRStep,404,KILLED,org.apache.commons.math3.linear.SchurTransformer_ESTest.test6
SchurTransformer.java,org.apache.commons.math3.linear.SchurTransformer,org.pitest.mutationtest.engine.gregor.mutators.NegateConditionalsMutator,performDoubleQRStep,414,SURVIVED,none
SchurTransformer.java,org.apache.commons.math3.linear.SchurTransformer,org.pitest.mutationtest.engine.gregor.mutators.NegateConditionalsMutator,performDoubleQRStep,416,KILLED,org.apache.commons.math3.linear.SchurTransformer_ESTest.test6
SchurTransformer.java,org.apache.commons.math3.linear.SchurTransformer,org.pitest.mutationtest.engine.gregor.mutators.NegateConditionalsMutator,performDoubleQRStep,427,SURVIVED,none
SchurTransformer.java,org.apache.commons.math3.linear.SchurTransformer,org.pitest.mutationtest.engine.gregor.mutators.NegateConditionalsMutator,performDoubleQRStep,429,KILLED,org.apache.commons.math3.linear.SchurTransformer_ESTest.test6
SchurTransformer.java,org.apache.commons.math3.linear.SchurTransformer,org.pitest.mutationtest.engine.gregor.mutators.NonVoidMethodCallMutator,performDoubleQRStep,365,SURVIVED,none
SchurTransformer.java,org.apache.commons.math3.linear.SchurTransformer,org.pitest.mutationtest.engine.gregor.mutators.NonVoidMethodCallMutator,performDoubleQRStep,365,SURVIVED,none
SchurTransformer.java,org.apache.commons.math3.linear.SchurTransformer,org.pitest.mutationtest.engine.gregor.mutators.NonVoidMethodCallMutator,performDoubleQRStep,365,SURVIVED,none
SchurTransformer.java,org.apache.commons.math3.linear.SchurTransformer,org.pitest.mutationtest.engine.gregor.mutators.NonVoidMethodCallMutator,performDoubleQRStep,366,SURVIVED,none
SchurTransformer.java,org.apache.commons.math3.linear.SchurTransformer,org.pitest.mutationtest.engine.gregor.mutators.NonVoidMethodCallMutator,performDoubleQRStep,373,SURVIVED,none
SchurTransformer.java,org.apache.commons.math3.linear.SchurTransformer,org.pitest.mutationtest.engine.gregor.mutators.NonVoidMethodCallMutator,performDoubleQRStep,402,SURVIVED,none
SchurTransformer.java,org.apache.commons.math3.linear.SchurTransformer,org.pitest.mutationtest.engine.gregor.mutators.RemoveConditionalMutator_EQUAL_ELSE,performDoubleQRStep,360,SURVIVED,none
SchurTransformer.java,org.apache.commons.math3.linear.SchurTransformer,org.pitest.mutationtest.engine.gregor.mutators.RemoveConditionalMutator_EQUAL_ELSE,performDoubleQRStep,361,SURVIVED,none
SchurTransformer.java,org.apache.commons.math3.linear.SchurTransformer,org.pitest.mutationtest.engine.gregor.mutators.RemoveConditionalMutator_EQUAL_ELSE,performDoubleQRStep,364,SURVIVED,none
SchurTransformer.java,org.apache.commons.math3.linear.SchurTransformer,org.pitest.mutationtest.engine.gregor.mutators.RemoveConditionalMutator_EQUAL_ELSE,performDoubleQRStep,366,SURVIVED,none
SchurTransformer.java,org.apache.commons.math3.linear.SchurTransformer,org.pitest.mutationtest.engine.gregor.mutators.RemoveConditionalMutator_EQUAL_ELSE,performDoubleQRStep,377,SURVIVED,none
SchurTransformer.java,org.apache.commons.math3.linear.SchurTransformer,org.pitest.mutationtest.engine.gregor.mutators.RemoveConditionalMutator_EQUAL_ELSE,performDoubleQRStep,378,SURVIVED,none
SchurTransformer.java,org.apache.commons.math3.linear.SchurTransformer,org.pitest.mutationtest.engine.gregor.mutators.RemoveConditionalMutator_EQUAL_ELSE,performDoubleQRStep,380,SURVIVED,none
SchurTransformer.java,org.apache.commons.math3.linear.SchurTransformer,org.pitest.mutationtest.engine.gregor.mutators.RemoveConditionalMutator_EQUAL_ELSE,performDoubleQRStep,393,SURVIVED,none
SchurTransformer.java,org.apache.commons.math3.linear.SchurTransformer,org.pitest.mutationtest.engine.gregor.mutators.RemoveConditionalMutator_EQUAL_ELSE,performDoubleQRStep,404,SURVIVED,none
SchurTransformer.java,org.apache.commons.math3.linear.SchurTransformer,org.pitest.mutationtest.engine.gregor.mutators.RemoveConditionalMutator_EQUAL_ELSE,performDoubleQRStep,416,SURVIVED,none
SchurTransformer.java,org.apache.commons.math3.linear.SchurTransformer,org.pitest.mutationtest.engine.gregor.mutators.RemoveConditionalMutator_EQUAL_IF,performDoubleQRStep,360,KILLED,org.apache.commons.math3.linear.SchurTransformer_ESTest.test6
SchurTransformer.java,org.apache.commons.math3.linear.SchurTransformer,org.pitest.mutationtest.engine.gregor.mutators.RemoveConditionalMutator_EQUAL_IF,performDoubleQRStep,361,KILLED,org.apache.commons.math3.linear.SchurTransformer_ESTest.test6
SchurTransformer.java,org.apache.commons.math3.linear.SchurTransformer,org.pitest.mutationtest.engine.gregor.mutators.RemoveConditionalMutator_EQUAL_IF,performDoubleQRStep,364,KILLED,org.apache.commons.math3.linear.SchurTransformer_ESTest.test6
SchurTransformer.java,org.apache.commons.math3.linear.SchurTransformer,org.pitest.mutationtest.engine.gregor.mutators.RemoveConditionalMutator_EQUAL_IF,performDoubleQRStep,366,SURVIVED,none
SchurTransformer.java,org.apache.commons.math3.linear.SchurTransformer,org.pitest.mutationtest.engine.gregor.mutators.RemoveConditionalMutator_EQUAL_IF,performDoubleQRStep,377,SURVIVED,none
SchurTransformer.java,org.apache.commons.math3.linear.SchurTransformer,org.pitest.mutationtest.engine.gregor.mutators.RemoveConditionalMutator_EQUAL_IF,performDoubleQRStep,378,KILLED,org.apache.commons.math3.linear.SchurTransformer_ESTest.test6
SchurTransformer.java,org.apache.commons.math3.linear.SchurTransformer,org.pitest.mutationtest.engine.gregor.mutators.RemoveConditionalMutator_EQUAL_IF,performDoubleQRStep,380,KILLED,org.apache.commons.math3.linear.SchurTransformer_ESTest.test6
SchurTransformer.java,org.apache.commons.math3.linear.SchurTransformer,org.pitest.mutationtest.engine.gregor.mutators.RemoveConditionalMutator_EQUAL_IF,performDoubleQRStep,393,KILLED,org.apache.commons.math3.linear.SchurTransformer_ESTest.test6
SchurTransformer.java,org.apache.commons.math3.linear.SchurTransformer,org.pitest.mutationtest.engine.gregor.mutators.RemoveConditionalMutator_EQUAL_IF,performDoubleQRStep,404,KILLED,org.apache.commons.math3.linear.SchurTransformer_ESTest.test6
SchurTransformer.java,org.apache.commons.math3.linear.SchurTransformer,org.pitest.mutationtest.engine.gregor.mutators.RemoveConditionalMutator_EQUAL_IF,performDoubleQRStep,416,KILLED,org.apache.commons.math3.linear.SchurTransformer_ESTest.test6
SchurTransformer.java,org.apache.commons.math3.linear.SchurTransformer,org.pitest.mutationtest.engine.gregor.mutators.RemoveConditionalMutator_ORDER_ELSE,performDoubleQRStep,359,SURVIVED,none
SchurTransformer.java,org.apache.commons.math3.linear.SchurTransformer,org.pitest.mutationtest.engine.gregor.mutators.RemoveConditionalMutator_ORDER_ELSE,performDoubleQRStep,374,SURVIVED,none
SchurTransformer.java,org.apache.commons.math3.linear.SchurTransformer,org.pitest.mutationtest.engine.gregor.mutators.RemoveConditionalMutator_ORDER_ELSE,performDoubleQRStep,391,SURVIVED,none
SchurTransformer.java,org.apache.commons.math3.linear.SchurTransformer,org.pitest.mutationtest.engine.gregor.mutators.RemoveConditionalMutator_ORDER_ELSE,performDoubleQRStep,402,SURVIVED,none
SchurTransformer.java,org.apache.commons.math3.linear.SchurTransformer,org.pitest.mutationtest.engine.gregor.mutators.RemoveConditionalMutator_ORDER_ELSE,performDoubleQRStep,414,SURVIVED,none
SchurTransformer.java,org.apache.commons.math3.linear.SchurTransformer,org.pitest.mutationtest.engine.gregor.mutators.RemoveConditionalMutator_ORDER_ELSE,performDoubleQRStep,427,SURVIVED,none
SchurTransformer.java,org.apache.commons.math3.linear.SchurTransformer,org.pitest.mutationtest.engine.gregor.mutators.RemoveConditionalMutator_ORDER_ELSE,performDoubleQRStep,429,SURVIVED,none
SchurTransformer.java,org.apache.commons.math3.linear.SchurTransformer,org.pitest.mutationtest.engine.gregor.mutators.RemoveConditionalMutator_ORDER_IF,performDoubleQRStep,359,KILLED,org.apache.commons.math3.linear.SchurTransformer_ESTest.test6
SchurTransformer.java,org.apache.commons.math3.linear.SchurTransformer,org.pitest.mutationtest.engine.gregor.mutators.RemoveConditionalMutator_ORDER_IF,performDoubleQRStep,374,SURVIVED,none
SchurTransformer.java,org.apache.commons.math3.linear.SchurTransformer,org.pitest.mutationtest.engine.gregor.mutators.RemoveConditionalMutator_ORDER_IF,performDoubleQRStep,391,KILLED,org.apache.commons.math3.linear.SchurTransformer_ESTest.test6
SchurTransformer.java,org.apache.commons.math3.linear.SchurTransformer,org.pitest.mutationtest.engine.gregor.mutators.RemoveConditionalMutator_ORDER_IF,performDoubleQRStep,402,KILLED,org.apache.commons.math3.linear.SchurTransformer_ESTest.test6
SchurTransformer.java,org.apache.commons.math3.linear.SchurTransformer,org.pitest.mutationtest.engine.gregor.mutators.RemoveConditionalMutator_ORDER_IF,performDoubleQRStep,414,KILLED,org.apache.commons.math3.linear.SchurTransformer_ESTest.test6
SchurTransformer.java,org.apache.commons.math3.linear.SchurTransformer,org.pitest.mutationtest.engine.gregor.mutators.RemoveConditionalMutator_ORDER_IF,performDoubleQRStep,427,KILLED,org.apache.commons.math3.linear.SchurTransformer_ESTest.test6
SchurTransformer.java,org.apache.commons.math3.linear.SchurTransformer,org.pitest.mutationtest.engine.gregor.mutators.RemoveConditionalMutator_ORDER_IF,performDoubleQRStep,429,KILLED,org.apache.commons.math3.linear.SchurTransformer_ESTest.test6
SchurTransformer.java,org.apache.commons.math3.linear.SchurTransformer,org.pitest.mutationtest.engine.gregor.mutators.experimental.MemberVariableMutator,performDoubleQRStep,365,SURVIVED,none
SchurTransformer.java,org.apache.commons.math3.linear.SchurTransformer,org.pitest.mutationtest.engine.gregor.mutators.experimental.MemberVariableMutator,performDoubleQRStep,384,SURVIVED,none
SchurTransformer.java,org.apache.commons.math3.linear.SchurTransformer,org.pitest.mutationtest.engine.gregor.mutators.experimental.MemberVariableMutator,performDoubleQRStep,385,SURVIVED,none
SchurTransformer.java,org.apache.commons.math3.linear.SchurTransformer,org.pitest.mutationtest.engine.gregor.mutators.experimental.RemoveIncrementsMutator,performDoubleQRStep,391,TIMED_OUT,none
SchurTransformer.java,org.apache.commons.math3.linear.SchurTransformer,org.pitest.mutationtest.engine.gregor.mutators.experimental.RemoveIncrementsMutator,performDoubleQRStep,359,SURVIVED,none
SchurTransformer.java,org.apache.commons.math3.linear.SchurTransformer,org.pitest.mutationtest.engine.gregor.mutators.ArgumentPropagationMutator,transform,146,KILLED,org.apache.commons.math3.linear.SchurTransformer_ESTest.test6
SchurTransformer.java,org.apache.commons.math3.linear.SchurTransformer,org.pitest.mutationtest.engine.gregor.mutators.ArgumentPropagationMutator,transform,162,SURVIVED,none
SchurTransformer.java,org.apache.commons.math3.linear.SchurTransformer,org.pitest.mutationtest.engine.gregor.mutators.ArgumentPropagationMutator,transform,162,SURVIVED,none
SchurTransformer.java,org.apache.commons.math3.linear.SchurTransformer,org.pitest.mutationtest.engine.gregor.mutators.ArgumentPropagationMutator,transform,169,SURVIVED,none
SchurTransformer.java,org.apache.commons.math3.linear.SchurTransformer,org.pitest.mutationtest.engine.gregor.mutators.ArgumentPropagationMutator,transform,169,SURVIVED,none
SchurTransformer.java,org.apache.commons.math3.linear.SchurTransformer,org.pitest.mutationtest.engine.gregor.mutators.ArgumentPropagationMutator,transform,172,SURVIVED,none
SchurTransformer.java,org.apache.commons.math3.linear.SchurTransformer,org.pitest.mutationtest.engine.gregor.mutators.ArgumentPropagationMutator,transform,212,SURVIVED,none
SchurTransformer.java,org.apache.commons.math3.linear.SchurTransformer,org.pitest.mutationtest.engine.gregor.mutators.ConditionalsBoundaryMutator,transform,143,SURVIVED,none
SchurTransformer.java,org.apache.commons.math3.linear.SchurTransformer,org.pitest.mutationtest.engine.gregor.mutators.ConditionalsBoundaryMutator,transform,161,SURVIVED,none
SchurTransformer.java,org.apache.commons.math3.linear.SchurTransformer,org.pitest.mutationtest.engine.gregor.mutators.ConditionalsBoundaryMutator,transform,163,SURVIVED,none
SchurTransformer.java,org.apache.commons.math3.linear.SchurTransformer,org.pitest.mutationtest.engine.gregor.mutators.ConditionalsBoundaryMutator,transform,177,KILLED,org.apache.commons.math3.linear.SchurTransformer_ESTest.test4
SchurTransformer.java,org.apache.commons.math3.linear.SchurTransformer,org.pitest.mutationtest.engine.gregor.mutators.ConditionalsBoundaryMutator,transform,184,SURVIVED,none
SchurTransformer.java,org.apache.commons.math3.linear.SchurTransformer,org.pitest.mutationtest.engine.gregor.mutators.ConditionalsBoundaryMutator,transform,191,SURVIVED,none
SchurTransformer.java,org.apache.commons.math3.linear.SchurTransformer,org.pitest.mutationtest.engine.gregor.mutators.ConditionalsBoundaryMutator,transform,204,SURVIVED,none
SchurTransformer.java,org.apache.commons.math3.linear.SchurTransformer,org.pitest.mutationtest.engine.gregor.mutators.ConstructorCallMutator,transform,138,KILLED,org.apache.commons.math3.linear.SchurTransformer_ESTest.test4
SchurTransformer.java,org.apache.commons.math3.linear.SchurTransformer,org.pitest.mutationtest.engine.gregor.mutators.ConstructorCallMutator,transform,205,KILLED,org.apache.commons.math3.linear.SchurTransformer_ESTest.test6
SchurTransformer.java,org.apache.commons.math3.linear.SchurTransformer,org.pitest.mutationtest.engine.gregor.mutators.IncrementsMutator,transform,152,KILLED,org.apache.commons.math3.linear.SchurTransformer_ESTest.test0
SchurTransformer.java,org.apache.commons.math3.linear.SchurTransformer,org.pitest.mutationtest.engine.gregor.mutators.IncrementsMutator,transform,177,KILLED,org.apache.commons.math3.linear.SchurTransformer_ESTest.test4
SchurTransformer.java,org.apache.commons.math3.linear.SchurTransformer,org.pitest.mutationtest.engine.gregor.mutators.IncrementsMutator,transform,184,KILLED,org.apache.commons.math3.linear.SchurTransformer_ESTest.test4
SchurTransformer.java,org.apache.commons.math3.linear.SchurTransformer,org.pitest.mutationtest.engine.gregor.mutators.IncrementsMutator,transform,191,KILLED,org.apache.commons.math3.linear.SchurTransformer_ESTest.test4
SchurTransformer.java,org.apache.commons.math3.linear.SchurTransformer,org.pitest.mutationtest.engine.gregor.mutators.IncrementsMutator,transform,197,KILLED,org.apache.commons.math3.linear.SchurTransformer_ESTest.test4
SchurTransformer.java,org.apache.commons.math3.linear.SchurTransformer,org.pitest.mutationtest.engine.gregor.mutators.IncrementsMutator,transform,204,SURVIVED,none
SchurTransformer.java,org.apache.commons.math3.linear.SchurTransformer,org.pitest.mutationtest.engine.gregor.mutators.InlineConstantMutator,transform,141,SURVIVED,none
SchurTransformer.java,org.apache.commons.math3.linear.SchurTransformer,org.pitest.mutationtest.engine.gregor.mutators.InlineConstantMutator,transform,142,KILLED,org.apache.commons.math3.linear.SchurTransformer_ESTest.test4
SchurTransformer.java,org.apache.commons.math3.linear.SchurTransformer,org.pitest.mutationtest.engine.gregor.mutators.InlineConstantMutator,transform,153,SURVIVED,none
SchurTransformer.java,org.apache.commons.math3.linear.SchurTransformer,org.pitest.mutationtest.engine.gregor.mutators.InlineConstantMutator,transform,154,KILLED,org.apache.commons.math3.linear.SchurTransformer_ESTest.test4
SchurTransformer.java,org.apache.commons.math3.linear.SchurTransformer,org.pitest.mutationtest.engine.gregor.mutators.InlineConstantMutator,transform,156,SURVIVED,none
SchurTransformer.java,org.apache.commons.math3.linear.SchurTransformer,org.pitest.mutationtest.engine.gregor.mutators.InlineConstantMutator,transform,156,SURVIVED,none
SchurTransformer.java,org.apache.commons.math3.linear.SchurTransformer,org.pitest.mutationtest.engine.gregor.mutators.InlineConstantMutator,transform,156,SURVIVED,none
SchurTransformer.java,org.apache.commons.math3.linear.SchurTransformer,org.pitest.mutationtest.engine.gregor.mutators.InlineConstantMutator,transform,157,SURVIVED,none
SchurTransformer.java,org.apache.commons.math3.linear.SchurTransformer,org.pitest.mutationtest.engine.gregor.mutators.InlineConstantMutator,transform,157,SURVIVED,none
SchurTransformer.java,org.apache.commons.math3.linear.SchurTransformer,org.pitest.mutationtest.engine.gregor.mutators.InlineConstantMutator,transform,159,SURVIVED,none
SchurTransformer.java,org.apache.commons.math3.linear.SchurTransformer,org.pitest.mutationtest.engine.gregor.mutators.InlineConstantMutator,transform,159,SURVIVED,none
SchurTransformer.java,org.apache.commons.math3.linear.SchurTransformer,org.pitest.mutationtest.engine.gregor.mutators.InlineConstantMutator,transform,161,SURVIVED,none
SchurTransformer.java,org.apache.commons.math3.linear.SchurTransformer,org.pitest.mutationtest.engine.gregor.mutators.InlineConstantMutator,transform,163,SURVIVED,none
SchurTransformer.java,org.apache.commons.math3.linear.SchurTransformer,org.pitest.mutationtest.engine.gregor.mutators.InlineConstantMutator,transform,168,SURVIVED,none
SchurTransformer.java,org.apache.commons.math3.linear.SchurTransformer,org.pitest.mutationtest.engine.gregor.mutators.InlineConstantMutator,transform,177,SURVIVED,none
SchurTransformer.java,org.apache.commons.math3.linear.SchurTransformer,org.pitest.mutationtest.engine.gregor.mutators.InlineConstantMutator,transform,178,SURVIVED,none
SchurTransformer.java,org.apache.commons.math3.linear.SchurTransformer,org.pitest.mutationtest.engine.gregor.mutators.InlineConstantMutator,transform,179,SURVIVED,none
SchurTransformer.java,org.apache.commons.math3.linear.SchurTransformer,org.pitest.mutationtest.engine.gregor.mutators.InlineConstantMutator,transform,184,SURVIVED,none
SchurTransformer.java,org.apache.commons.math3.linear.SchurTransformer,org.pitest.mutationtest.engine.gregor.mutators.InlineConstantMutator,transform,185,SURVIVED,none
SchurTransformer.java,org.apache.commons.math3.linear.SchurTransformer,org.pitest.mutationtest.engine.gregor.mutators.InlineConstantMutator,transform,186,SURVIVED,none
SchurTransformer.java,org.apache.commons.math3.linear.SchurTransformer,org.pitest.mutationtest.engine.gregor.mutators.InlineConstantMutator,transform,191,SURVIVED,none
SchurTransformer.java,org.apache.commons.math3.linear.SchurTransformer,org.pitest.mutationtest.engine.gregor.mutators.InlineConstantMutator,transform,191,KILLED,org.apache.commons.math3.linear.SchurTransformer_ESTest.test4
SchurTransformer.java,org.apache.commons.math3.linear.SchurTransformer,org.pitest.mutationtest.engine.gregor.mutators.InlineConstantMutator,transform,192,SURVIVED,none
SchurTransformer.java,org.apache.commons.math3.linear.SchurTransformer,org.pitest.mutationtest.engine.gregor.mutators.InlineConstantMutator,transform,193,SURVIVED,none
SchurTransformer.java,org.apache.commons.math3.linear.SchurTransformer,org.pitest.mutationtest.engine.gregor.mutators.InlineConstantMutator,transform,198,SURVIVED,none
SchurTransformer.java,org.apache.commons.math3.linear.SchurTransformer,org.pitest.mutationtest.engine.gregor.mutators.InlineConstantMutator,transform,204,SURVIVED,none
SchurTransformer.java,org.apache.commons.math3.linear.SchurTransformer,org.pitest.mutationtest.engine.gregor.mutators.InlineConstantMutator,transform,205,SURVIVED,none
SchurTransformer.java,org.apache.commons.math3.linear.SchurTransformer,org.pitest.mutationtest.engine.gregor.mutators.InlineConstantMutator,transform,205,SURVIVED,none
SchurTransformer.java,org.apache.commons.math3.linear.SchurTransformer,org.pitest.mutationtest.engine.gregor.mutators.InlineConstantMutator,transform,210,SURVIVED,none
SchurTransformer.java,org.apache.commons.math3.linear.SchurTransformer,org.pitest.mutationtest.engine.gregor.mutators.MathMutator,transform,142,KILLED,org.apache.commons.math3.linear.SchurTransformer_ESTest.test4
SchurTransformer.java,org.apache.commons.math3.linear.SchurTransformer,org.pitest.mutationtest.engine.gregor.mutators.MathMutator,transform,151,SURVIVED,none
SchurTransformer.java,org.apache.commons.math3.linear.SchurTransformer,org.pitest.mutationtest.engine.gregor.mutators.MathMutator,transform,154,KILLED,org.apache.commons.math3.linear.SchurTransformer_ESTest.test4
SchurTransformer.java,org.apache.commons.math3.linear.SchurTransformer,org.pitest.mutationtest.engine.gregor.mutators.MathMutator,transform,156,KILLED,org.apache.commons.math3.linear.SchurTransformer_ESTest.test4
SchurTransformer.java,org.apache.commons.math3.linear.SchurTransformer,org.pitest.mutationtest.engine.gregor.mutators.MathMutator,transform,156,KILLED,org.apache.commons.math3.linear.SchurTransformer_ESTest.test4
SchurTransformer.java,org.apache.commons.math3.linear.SchurTransformer,org.pitest.mutationtest.engine.gregor.mutators.MathMutator,transform,156,SURVIVED,none
SchurTransformer.java,org.apache.commons.math3.linear.SchurTransformer,org.pitest.mutationtest.engine.gregor.mutators.MathMutator,transform,156,SURVIVED,none
SchurTransformer.java,org.apache.commons.math3.linear.SchurTransformer,org.pitest.mutationtest.engine.gregor.mutators.MathMutator,transform,157,SURVIVED,none
SchurTransformer.java,org.apache.commons.math3.linear.SchurTransformer,org.pitest.mutationtest.engine.gregor.mutators.MathMutator,transform,157,KILLED,org.apache.commons.math3.linear.SchurTransformer_ESTest.test4
SchurTransformer.java,org.apache.commons.math3.linear.SchurTransformer,org.pitest.mutationtest.engine.gregor.mutators.MathMutator,transform,157,KILLED,org.apache.commons.math3.linear.SchurTransformer_ESTest.test4
SchurTransformer.java,org.apache.commons.math3.linear.SchurTransformer,org.pitest.mutationtest.engine.gregor.mutators.MathMutator,transform,157,SURVIVED,none
SchurTransformer.java,org.apache.commons.math3.linear.SchurTransformer,org.pitest.mutationtest.engine.gregor.mutators.MathMutator,transform,157,SURVIVED,none
SchurTransformer.java,org.apache.commons.math3.linear.SchurTransformer,org.pitest.mutationtest.engine.gregor.mutators.MathMutator,transform,158,SURVIVED,none
SchurTransformer.java,org.apache.commons.math3.linear.SchurTransformer,org.pitest.mutationtest.engine.gregor.mutators.MathMutator,transform,159,KILLED,org.apache.commons.math3.linear.SchurTransformer_ESTest.test4
SchurTransformer.java,org.apache.commons.math3.linear.SchurTransformer,org.pitest.mutationtest.engine.gregor.mutators.MathMutator,transform,159,KILLED,org.apache.commons.math3.linear.SchurTransformer_ESTest.test4
SchurTransformer.java,org.apache.commons.math3.linear.SchurTransformer,org.pitest.mutationtest.engine.gregor.mutators.MathMutator,transform,159,SURVIVED,none
SchurTransformer.java,org.apache.commons.math3.linear.SchurTransformer,org.pitest.mutationtest.engine.gregor.mutators.MathMutator,transform,164,SURVIVED,none
SchurTransformer.java,org.apache.commons.math3.linear.SchurTransformer,org.pitest.mutationtest.engine.gregor.mutators.MathMutator,transform,166,NO_COVERAGE,none
SchurTransformer.java,org.apache.commons.math3.linear.SchurTransformer,org.pitest.mutationtest.engine.gregor.mutators.MathMutator,transform,168,KILLED,org.apache.commons.math3.linear.SchurTransformer_ESTest.test4
SchurTransformer.java,org.apache.commons.math3.linear.SchurTransformer,org.pitest.mutationtest.engine.gregor.mutators.MathMutator,transform,169,SURVIVED,none
SchurTransformer.java,org.apache.commons.math3.linear.SchurTransformer,org.pitest.mutationtest.engine.gregor.mutators.MathMutator,transform,170,SURVIVED,none
SchurTransformer.java,org.apache.commons.math3.linear.SchurTransformer,org.pitest.mutationtest.engine.gregor.mutators.MathMutator,transform,171,SURVIVED,none
SchurTransformer.java,org.apache.commons.math3.linear.SchurTransformer,org.pitest.mutationtest.engine.gregor.mutators.MathMutator,transform,172,SURVIVED,none
SchurTransformer.java,org.apache.commons.math3.linear.SchurTransformer,org.pitest.mutationtest.engine.gregor.mutators.MathMutator,transform,172,SURVIVED,none
SchurTransformer.java,org.apache.commons.math3.linear.SchurTransformer,org.pitest.mutationtest.engine.gregor.mutators.MathMutator,transform,172,SURVIVED,none
SchurTransformer.java,org.apache.commons.math3.linear.SchurTransformer,org.pitest.mutationtest.engine.gregor.mutators.MathMutator,transform,173,SURVIVED,none
SchurTransformer.java,org.apache.commons.math3.linear.SchurTransformer,org.pitest.mutationtest.engine.gregor.mutators.MathMutator,transform,174,SURVIVED,none
SchurTransformer.java,org.apache.commons.math3.linear.SchurTransformer,org.pitest.mutationtest.engine.gregor.mutators.MathMutator,transform,177,SURVIVED,none
SchurTransformer.java,org.apache.commons.math3.linear.SchurTransformer,org.pitest.mutationtest.engine.gregor.mutators.MathMutator,transform,178,KILLED,org.apache.commons.math3.linear.SchurTransformer_ESTest.test4
SchurTransformer.java,org.apache.commons.math3.linear.SchurTransformer,org.pitest.mutationtest.engine.gregor.mutators.MathMutator,transform,179,KILLED,org.apache.commons.math3.linear.SchurTransformer_ESTest.test4
SchurTransformer.java,org.apache.commons.math3.linear.SchurTransformer,org.pitest.mutationtest.engine.gregor.mutators.MathMutator,transform,179,SURVIVED,none
SchurTransformer.java,org.apache.commons.math3.linear.SchurTransformer,org.pitest.mutationtest.engine.gregor.mutators.MathMutator,transform,179,SURVIVED,none
SchurTransformer.java,org.apache.commons.math3.linear.SchurTransformer,org.pitest.mutationtest.engine.gregor.mutators.MathMutator,transform,179,SURVIVED,none
SchurTransformer.java,org.apache.commons.math3.linear.SchurTransformer,org.pitest.mutationtest.engine.gregor.mutators.MathMutator,transform,180,SURVIVED,none
SchurTransformer.java,org.apache.commons.math3.linear.SchurTransformer,org.pitest.mutationtest.engine.gregor.mutators.MathMutator,transform,180,SURVIVED,none
SchurTransformer.java,org.apache.commons.math3.linear.SchurTransformer,org.pitest.mutationtest.engine.gregor.mutators.MathMutator,transform,180,SURVIVED,none
SchurTransformer.java,org.apache.commons.math3.linear.SchurTransformer,org.pitest.mutationtest.engine.gregor.mutators.MathMutator,transform,185,KILLED,org.apache.commons.math3.linear.SchurTransformer_ESTest.test4
SchurTransformer.java,org.apache.commons.math3.linear.SchurTransformer,org.pitest.mutationtest.engine.gregor.mutators.MathMutator,transform,186,KILLED,org.apache.commons.math3.linear.SchurTransformer_ESTest.test4
SchurTransformer.java,org.apache.commons.math3.linear.SchurTransformer,org.pitest.mutationtest.engine.gregor.mutators.MathMutator,transform,186,SURVIVED,none
SchurTransformer.java,org.apache.commons.math3.linear.SchurTransformer,org.pitest.mutationtest.engine.gregor.mutators.MathMutator,transform,186,SURVIVED,none
SchurTransformer.java,org.apache.commons.math3.linear.SchurTransformer,org.pitest.mutationtest.engine.gregor.mutators.MathMutator,transform,186,SURVIVED,none
SchurTransformer.java,org.apache.commons.math3.linear.SchurTransformer,org.pitest.mutationtest.engine.gregor.mutators.MathMutator,transform,187,SURVIVED,none
SchurTransformer.java,org.apache.commons.math3.linear.SchurTransformer,org.pitest.mutationtest.engine.gregor.mutators.MathMutator,transform,187,SURVIVED,none
SchurTransformer.java,org.apache.commons.math3.linear.SchurTransformer,org.pitest.mutationtest.engine.gregor.mutators.MathMutator,transform,187,SURVIVED,none
SchurTransformer.java,org.apache.commons.math3.linear.SchurTransformer,org.pitest.mutationtest.engine.gregor.mutators.MathMutator,transform,191,KILLED,org.apache.commons.math3.linear.SchurTransformer_ESTest.test4
SchurTransformer.java,org.apache.commons.math3.linear.SchurTransformer,org.pitest.mutationtest.engine.gregor.mutators.MathMutator,transform,192,KILLED,org.apache.commons.math3.linear.SchurTransformer_ESTest.test4
SchurTransformer.java,org.apache.commons.math3.linear.SchurTransformer,org.pitest.mutationtest.engine.gregor.mutators.MathMutator,transform,193,KILLED,org.apache.commons.math3.linear.SchurTransformer_ESTest.test4
SchurTransformer.java,org.apache.commons.math3.linear.SchurTransformer,org.pitest.mutationtest.engine.gregor.mutators.MathMutator,transform,193,SURVIVED,none
SchurTransformer.java,org.apache.commons.math3.linear.SchurTransformer,org.pitest.mutationtest.engine.gregor.mutators.MathMutator,transform,193,SURVIVED,none
SchurTransformer.java,org.apache.commons.math3.linear.SchurTransformer,org.pitest.mutationtest.engine.gregor.mutators.MathMutator,transform,193,SURVIVED,none
SchurTransformer.java,org.apache.commons.math3.linear.SchurTransformer,org.pitest.mutationtest.engine.gregor.mutators.MathMutator,transform,194,SURVIVED,none
SchurTransformer.java,org.apache.commons.math3.linear.SchurTransformer,org.pitest.mutationtest.engine.gregor.mutators.MathMutator,transform,194,SURVIVED,none
SchurTransformer.java,org.apache.commons.math3.linear.SchurTransformer,org.pitest.mutationtest.engine.gregor.mutators.MathMutator,transform,194,SURVIVED,none
SchurTransformer.java,org.apache.commons.math3.linear.SchurTransformer,org.pitest.mutationtest.engine.gregor.mutators.NegateConditionalsMutator,transform,143,KILLED,org.apache.commons.math3.linear.SchurTransformer_ESTest.test6
SchurTransformer.java,org.apache.commons.math3.linear.SchurTransformer,org.pitest.mutationtest.engine.gregor.mutators.NegateConditionalsMutator,transform,149,KILLED,org.apache.commons.math3.linear.SchurTransformer_ESTest.test4
SchurTransformer.java,org.apache.commons.math3.linear.SchurTransformer,org.pitest.mutationtest.engine.gregor.mutators.NegateConditionalsMutator,transform,154,KILLED,org.apache.commons.math3.linear.SchurTransformer_ESTest.test4
SchurTransformer.java,org.apache.commons.math3.linear.SchurTransformer,org.pitest.mutationtest.engine.gregor.mutators.NegateConditionalsMutator,transform,161,SURVIVED,none
SchurTransformer.java,org.apache.commons.math3.linear.SchurTransformer,org.pitest.mutationtest.engine.gregor.mutators.NegateConditionalsMutator,transform,163,SURVIVED,none
SchurTransformer.java,org.apache.commons.math3.linear.SchurTransformer,org.pitest.mutationtest.engine.gregor.mutators.NegateConditionalsMutator,transform,177,SURVIVED,none
SchurTransformer.java,org.apache.commons.math3.linear.SchurTransformer,org.pitest.mutationtest.engine.gregor.mutators.NegateConditionalsMutator,transform,184,SURVIVED,none
SchurTransformer.java,org.apache.commons.math3.linear.SchurTransformer,org.pitest.mutationtest.engine.gregor.mutators.NegateConditionalsMutator,transform,191,SURVIVED,none
SchurTransformer.java,org.apache.commons.math3.linear.SchurTransformer,org.pitest.mutationtest.engine.gregor.mutators.NegateConditionalsMutator,transform,204,SURVIVED,none
SchurTransformer.java,org.apache.commons.math3.linear.SchurTransformer,org.pitest.mutationtest.engine.gregor.mutators.NonVoidMethodCallMutator,transform,135,KILLED,org.apache.commons.math3.linear.SchurTransformer_ESTest.test0
SchurTransformer.java,org.apache.commons.math3.linear.SchurTransformer,org.pitest.mutationtest.engine.gregor.mutators.NonVoidMethodCallMutator,transform,146,KILLED,org.apache.commons.math3.linear.SchurTransformer_ESTest.test0
SchurTransformer.java,org.apache.commons.math3.linear.SchurTransformer,org.pitest.mutationtest.engine.gregor.mutators.NonVoidMethodCallMutator,transform,162,SURVIVED,none
SchurTransformer.java,org.apache.commons.math3.linear.SchurTransformer,org.pitest.mutationtest.engine.gregor.mutators.NonVoidMethodCallMutator,transform,162,SURVIVED,none
SchurTransformer.java,org.apache.commons.math3.linear.SchurTransformer,org.pitest.mutationtest.engine.gregor.mutators.NonVoidMethodCallMutator,transform,169,SURVIVED,none
SchurTransformer.java,org.apache.commons.math3.linear.SchurTransformer,org.pitest.mutationtest.engine.gregor.mutators.NonVoidMethodCallMutator,transform,169,SURVIVED,none
SchurTransformer.java,org.apache.commons.math3.linear.SchurTransformer,org.pitest.mutationtest.engine.gregor.mutators.NonVoidMethodCallMutator,transform,172,SURVIVED,none
SchurTransformer.java,org.apache.commons.math3.linear.SchurTransformer,org.pitest.mutationtest.engine.gregor.mutators.NonVoidMethodCallMutator,transform,205,SURVIVED,none
SchurTransformer.java,org.apache.commons.math3.linear.SchurTransformer,org.pitest.mutationtest.engine.gregor.mutators.NonVoidMethodCallMutator,transform,212,SURVIVED,none
SchurTransformer.java,org.apache.commons.math3.linear.SchurTransformer,org.pitest.mutationtest.engine.gregor.mutators.RemoveConditionalMutator_EQUAL_ELSE,transform,149,KILLED,org.apache.commons.math3.linear.SchurTransformer_ESTest.test0
SchurTransformer.java,org.apache.commons.math3.linear.SchurTransformer,org.pitest.mutationtest.engine.gregor.mutators.RemoveConditionalMutator_EQUAL_ELSE,transform,154,KILLED,org.apache.commons.math3.linear.SchurTransformer_ESTest.test4
SchurTransformer.java,org.apache.commons.math3.linear.SchurTransformer,org.pitest.mutationtest.engine.gregor.mutators.RemoveConditionalMutator_EQUAL_IF,transform,149,KILLED,org.apache.commons.math3.linear.SchurTransformer_ESTest.test6
SchurTransformer.java,org.apache.commons.math3.linear.SchurTransformer,org.pitest.mutationtest.engine.gregor.mutators.RemoveConditionalMutator_EQUAL_IF,transform,154,KILLED,org.apache.commons.math3.linear.SchurTransformer_ESTest.test6
SchurTransformer.java,org.apache.commons.math3.linear.SchurTransformer,org.pitest.mutationtest.engine.gregor.mutators.RemoveConditionalMutator_ORDER_ELSE,transform,143,KILLED,org.apache.commons.math3.linear.SchurTransformer_ESTest.test6
SchurTransformer.java,org.apache.commons.math3.linear.SchurTransformer,org.pitest.mutationtest.engine.gregor.mutators.RemoveConditionalMutator_ORDER_ELSE,transform,161,SURVIVED,none
SchurTransformer.java,org.apache.commons.math3.linear.SchurTransformer,org.pitest.mutationtest.engine.gregor.mutators.RemoveConditionalMutator_ORDER_ELSE,transform,163,SURVIVED,none
SchurTransformer.java,org.apache.commons.math3.linear.SchurTransformer,org.pitest.mutationtest.engine.gregor.mutators.RemoveConditionalMutator_ORDER_ELSE,transform,177,SURVIVED,none
SchurTransformer.java,org.apache.commons.math3.linear.SchurTransformer,org.pitest.mutationtest.engine.gregor.mutators.RemoveConditionalMutator_ORDER_ELSE,transform,184,SURVIVED,none
SchurTransformer.java,org.apache.commons.math3.linear.SchurTransformer,org.pitest.mutationtest.engine.gregor.mutators.RemoveConditionalMutator_ORDER_ELSE,transform,191,SURVIVED,none
SchurTransformer.java,org.apache.commons.math3.linear.SchurTransformer,org.pitest.mutationtest.engine.gregor.mutators.RemoveConditionalMutator_ORDER_ELSE,transform,204,SURVIVED,none
SchurTransformer.java,org.apache.commons.math3.linear.SchurTransformer,org.pitest.mutationtest.engine.gregor.mutators.RemoveConditionalMutator_ORDER_IF,transform,143,KILLED,org.apache.commons.math3.linear.SchurTransformer_ESTest.test4
SchurTransformer.java,org.apache.commons.math3.linear.SchurTransformer,org.pitest.mutationtest.engine.gregor.mutators.RemoveConditionalMutator_ORDER_IF,transform,161,SURVIVED,none
SchurTransformer.java,org.apache.commons.math3.linear.SchurTransformer,org.pitest.mutationtest.engine.gregor.mutators.RemoveConditionalMutator_ORDER_IF,transform,163,SURVIVED,none
SchurTransformer.java,org.apache.commons.math3.linear.SchurTransformer,org.pitest.mutationtest.engine.gregor.mutators.RemoveConditionalMutator_ORDER_IF,transform,177,KILLED,org.apache.commons.math3.linear.SchurTransformer_ESTest.test4
SchurTransformer.java,org.apache.commons.math3.linear.SchurTransformer,org.pitest.mutationtest.engine.gregor.mutators.RemoveConditionalMutator_ORDER_IF,transform,184,KILLED,org.apache.commons.math3.linear.SchurTransformer_ESTest.test4
SchurTransformer.java,org.apache.commons.math3.linear.SchurTransformer,org.pitest.mutationtest.engine.gregor.mutators.RemoveConditionalMutator_ORDER_IF,transform,191,KILLED,org.apache.commons.math3.linear.SchurTransformer_ESTest.test4
SchurTransformer.java,org.apache.commons.math3.linear.SchurTransformer,org.pitest.mutationtest.engine.gregor.mutators.RemoveConditionalMutator_ORDER_IF,transform,204,SURVIVED,none
SchurTransformer.java,org.apache.commons.math3.linear.SchurTransformer,org.pitest.mutationtest.engine.gregor.mutators.VoidMethodCallMutator,transform,201,SURVIVED,none
SchurTransformer.java,org.apache.commons.math3.linear.SchurTransformer,org.pitest.mutationtest.engine.gregor.mutators.VoidMethodCallMutator,transform,213,SURVIVED,none
SchurTransformer.java,org.apache.commons.math3.linear.SchurTransformer,org.pitest.mutationtest.engine.gregor.mutators.experimental.RemoveIncrementsMutator,transform,152,KILLED,org.apache.commons.math3.linear.SchurTransformer_ESTest.test0
SchurTransformer.java,org.apache.commons.math3.linear.SchurTransformer,org.pitest.mutationtest.engine.gregor.mutators.experimental.RemoveIncrementsMutator,transform,177,KILLED,org.apache.commons.math3.linear.SchurTransformer_ESTest.test4
SchurTransformer.java,org.apache.commons.math3.linear.SchurTransformer,org.pitest.mutationtest.engine.gregor.mutators.experimental.RemoveIncrementsMutator,transform,197,TIMED_OUT,none
SchurTransformer.java,org.apache.commons.math3.linear.SchurTransformer,org.pitest.mutationtest.engine.gregor.mutators.experimental.RemoveIncrementsMutator,transform,204,SURVIVED,none
