SimpleKeyListenerHelper.java,com.lts.event.SimpleKeyListenerHelper,org.pitest.mutationtest.engine.gregor.mutators.VoidMethodCallMutator,<init>,51,SURVIVED,none
SimpleKeyListenerHelper.java,com.lts.event.SimpleKeyListenerHelper,org.pitest.mutationtest.engine.gregor.mutators.experimental.MemberVariableMutator,<init>,52,SURVIVED,none
SimpleKeyListenerHelper.java,com.lts.event.SimpleKeyListenerHelper,org.pitest.mutationtest.engine.gregor.mutators.NegateConditionalsMutator,detach,57,SURVIVED,none
SimpleKeyListenerHelper.java,com.lts.event.SimpleKeyListenerHelper,org.pitest.mutationtest.engine.gregor.mutators.RemoveConditionalMutator_EQUAL_ELSE,detach,57,SURVIVED,none
SimpleKeyListenerHelper.java,com.lts.event.SimpleKeyListenerHelper,org.pitest.mutationtest.engine.gregor.mutators.RemoveConditionalMutator_EQUAL_IF,detach,57,KILLED,com.lts.event.SimpleKeyListenerHelper_ESTest.test7
SimpleKeyListenerHelper.java,com.lts.event.SimpleKeyListenerHelper,org.pitest.mutationtest.engine.gregor.mutators.VoidMethodCallMutator,detach,59,SURVIVED,none
SimpleKeyListenerHelper.java,com.lts.event.SimpleKeyListenerHelper,org.pitest.mutationtest.engine.gregor.mutators.experimental.MemberVariableMutator,detach,60,SURVIVED,none
SimpleKeyListenerHelper.java,com.lts.event.SimpleKeyListenerHelper,org.pitest.mutationtest.engine.gregor.mutators.NonVoidMethodCallMutator,keyPressed,90,SURVIVED,none
SimpleKeyListenerHelper.java,com.lts.event.SimpleKeyListenerHelper,org.pitest.mutationtest.engine.gregor.mutators.NonVoidMethodCallMutator,keyPressed,96,SURVIVED,none
SimpleKeyListenerHelper.java,com.lts.event.SimpleKeyListenerHelper,org.pitest.mutationtest.engine.gregor.mutators.VoidMethodCallMutator,keyPressed,96,SURVIVED,none
SimpleKeyListenerHelper.java,com.lts.event.SimpleKeyListenerHelper,org.pitest.mutationtest.engine.gregor.mutators.experimental.RemoveSwitchMutator_0,keyPressed,90,SURVIVED,none
SimpleKeyListenerHelper.java,com.lts.event.SimpleKeyListenerHelper,org.pitest.mutationtest.engine.gregor.mutators.experimental.RemoveSwitchMutator_1,keyPressed,90,SURVIVED,none
SimpleKeyListenerHelper.java,com.lts.event.SimpleKeyListenerHelper,org.pitest.mutationtest.engine.gregor.mutators.experimental.RemoveSwitchMutator_2,keyPressed,90,SURVIVED,none
SimpleKeyListenerHelper.java,com.lts.event.SimpleKeyListenerHelper,org.pitest.mutationtest.engine.gregor.mutators.experimental.RemoveSwitchMutator_3,keyPressed,90,SURVIVED,none
SimpleKeyListenerHelper.java,com.lts.event.SimpleKeyListenerHelper,org.pitest.mutationtest.engine.gregor.mutators.experimental.SwitchMutator,keyPressed,90,SURVIVED,none
SimpleKeyListenerHelper.java,com.lts.event.SimpleKeyListenerHelper,org.pitest.mutationtest.engine.gregor.mutators.VoidMethodCallMutator,notifyListener,71,SURVIVED,none
SimpleKeyListenerHelper.java,com.lts.event.SimpleKeyListenerHelper,org.pitest.mutationtest.engine.gregor.mutators.VoidMethodCallMutator,notifyListener,75,SURVIVED,none
SimpleKeyListenerHelper.java,com.lts.event.SimpleKeyListenerHelper,org.pitest.mutationtest.engine.gregor.mutators.VoidMethodCallMutator,notifyListener,79,SURVIVED,none
SimpleKeyListenerHelper.java,com.lts.event.SimpleKeyListenerHelper,org.pitest.mutationtest.engine.gregor.mutators.VoidMethodCallMutator,notifyListener,83,SURVIVED,none
SimpleKeyListenerHelper.java,com.lts.event.SimpleKeyListenerHelper,org.pitest.mutationtest.engine.gregor.mutators.experimental.RemoveSwitchMutator_0,notifyListener,68,SURVIVED,none
SimpleKeyListenerHelper.java,com.lts.event.SimpleKeyListenerHelper,org.pitest.mutationtest.engine.gregor.mutators.experimental.RemoveSwitchMutator_1,notifyListener,68,SURVIVED,none
SimpleKeyListenerHelper.java,com.lts.event.SimpleKeyListenerHelper,org.pitest.mutationtest.engine.gregor.mutators.experimental.RemoveSwitchMutator_2,notifyListener,68,SURVIVED,none
SimpleKeyListenerHelper.java,com.lts.event.SimpleKeyListenerHelper,org.pitest.mutationtest.engine.gregor.mutators.experimental.RemoveSwitchMutator_3,notifyListener,68,SURVIVED,none
SimpleKeyListenerHelper.java,com.lts.event.SimpleKeyListenerHelper,org.pitest.mutationtest.engine.gregor.mutators.experimental.SwitchMutator,notifyListener,68,SURVIVED,none
